
Posizione end effector raggiunta: -2.54251 -1.25871  7.19986

MATRICE di q
 -2.21935  -1.02075   -2.3297  -1.28971  -1.63494   6.09602
 -2.21968  -1.01927  -2.32513  -1.29659  -1.63583   6.06725
 -2.21985  -1.01785  -2.32066  -1.30313   -1.6363    6.0419
 -2.21987  -1.01651  -2.31628  -1.30933  -1.63638   6.01975
 -2.21976  -1.01525  -2.31196  -1.31519  -1.63613   6.00064
 -2.21953  -1.01407  -2.30771   -1.3207  -1.63558   5.98438
  -2.2192  -1.01297  -2.30353  -1.32588  -1.63478    5.9708
 -2.21879  -1.01195  -2.29939  -1.33075  -1.63376   5.95975
  -2.2183    -1.011   -2.2953  -1.33532  -1.63255   5.95107
 -2.21775  -1.01013  -2.29124  -1.33963  -1.63117   5.94463
 -2.21714  -1.00932  -2.28723  -1.34369  -1.62965   5.94028
 -2.21648  -1.00857  -2.28324  -1.34753  -1.62802   5.93791
 -2.21578  -1.00788  -2.27928  -1.35117  -1.62627    5.9374
 -2.21505  -1.00724  -2.27533  -1.35465  -1.62445   5.93862
 -2.21429  -1.00665  -2.27141  -1.35798  -1.62254   5.94149
 -2.21351  -1.00609  -2.26749  -1.36119  -1.62058    5.9459
  -2.2127  -1.00557  -2.26359  -1.36431  -1.61855   5.95176
 -2.21187  -1.00508  -2.25969  -1.36736  -1.61648   5.95897
 -2.21103  -1.00462   -2.2558  -1.37035  -1.61438   5.96747
 -2.21017  -1.00418   -2.2519  -1.37332  -1.61223   5.97717
  -2.2093  -1.00375  -2.24801  -1.37628  -1.61006   5.98801
 -2.20842  -1.00333  -2.24411  -1.37925  -1.60785   5.99991
 -2.20753  -1.00292  -2.24021  -1.38224  -1.60563   6.01281
 -2.20663  -1.00252   -2.2363  -1.38528  -1.60338   6.02665
 -2.20572  -1.00212  -2.23238  -1.38837  -1.60111   6.04139
 -2.20481  -1.00172  -2.22846  -1.39153  -1.59883   6.05696
 -2.20388  -1.00131  -2.22452  -1.39476  -1.59653   6.07331
 -2.20296   -1.0009  -2.22057  -1.39809  -1.59422   6.09041
 -2.20202  -1.00048  -2.21661  -1.40152  -1.59189   6.10821
 -2.20108  -1.00005  -2.21264  -1.40505  -1.58955   6.12666
 -2.20014 -0.999608  -2.20864   -1.4087   -1.5872   6.14573
 -2.19919 -0.999158  -2.20464  -1.41247  -1.58484   6.16539
 -2.19824 -0.998696  -2.20062  -1.41637  -1.58248   6.18561
 -2.19729 -0.998221  -2.19657  -1.42039   -1.5801   6.20634
 -2.19633 -0.997735  -2.19252  -1.42455  -1.57773   6.22757
 -2.19538 -0.997235  -2.18844  -1.42885  -1.57535   6.24926
 -2.19442 -0.996723  -2.18434  -1.43328  -1.57297    6.2714
 -2.19346 -0.996199  -2.18023  -1.43786  -1.57059   6.29395
  -2.1925 -0.995663  -2.17609  -1.44258  -1.56822   6.31689
 -2.19155 -0.995117  -2.17193  -1.44744  -1.56585   6.34021
 -2.19059 -0.994559  -2.16775  -1.45244  -1.56349   6.36389
 -2.18964 -0.993993  -2.16355  -1.45759  -1.56114    6.3879
  -2.1887 -0.993419  -2.15933  -1.46288   -1.5588   6.41223
 -2.18776 -0.992836  -2.15508  -1.46831  -1.55648   6.43686
 -2.18683 -0.992249   -2.1508  -1.47388  -1.55418   6.46179
 -2.18591 -0.991656  -2.14651  -1.47958   -1.5519   6.48699
   -2.185  -0.99106  -2.14219  -1.48543  -1.54965   6.51245
  -2.1841 -0.990462  -2.13784   -1.4914  -1.54742   6.53816
 -2.18321 -0.989864  -2.13347  -1.49751  -1.54523   6.56412
 -2.18233 -0.989266  -2.12907  -1.50375  -1.54306    6.5903
 -2.18147 -0.988671  -2.12464  -1.51011  -1.54094    6.6167
 -2.18062  -0.98808  -2.12019   -1.5166  -1.53886   6.64331
 -2.17979 -0.987494  -2.11571  -1.52321  -1.53682   6.67012
 -2.17898 -0.986916   -2.1112  -1.52993  -1.53483   6.69713
 -2.17819 -0.986345  -2.10667  -1.53677  -1.53288   6.72432
 -2.17742 -0.985785  -2.10211  -1.54372  -1.53099   6.75169
 -2.17667 -0.985238  -2.09751  -1.55077  -1.52916   6.77923
 -2.17595 -0.984704  -2.09289  -1.55793  -1.52739   6.80694
 -2.17525 -0.984184  -2.08824  -1.56519  -1.52568    6.8348
 -2.17458 -0.983682  -2.08356  -1.57254  -1.52403   6.86282
 -2.17393 -0.983198  -2.07885  -1.57998  -1.52246   6.89099
 -2.17332 -0.982734  -2.07411  -1.58751  -1.52095    6.9193
 -2.17273 -0.982291  -2.06934  -1.59513  -1.51952   6.94776
 -2.17217 -0.981872  -2.06455  -1.60282  -1.51817   6.97634
 -2.17165 -0.981476  -2.05972  -1.61058  -1.51689   7.00506
 -2.17116 -0.981107  -2.05486  -1.61841   -1.5157    7.0339
  -2.1707 -0.980765  -2.04997  -1.62631   -1.5146   7.06287
 -2.17028 -0.980451  -2.04506  -1.63426  -1.51358   7.09195
 -2.16989 -0.980168  -2.04011  -1.64227  -1.51265   7.12116
 -2.16955 -0.979916  -2.03514  -1.65033  -1.51181   7.15047
 -2.16923 -0.979696  -2.03013  -1.65843  -1.51107   7.17989
 -2.16896 -0.979511   -2.0251  -1.66658  -1.51042   7.20942
 -2.16873 -0.979361  -2.02004  -1.67475  -1.50988   7.23905
 -2.16854 -0.979246  -2.01495  -1.68296  -1.50943   7.26878
 -2.16839 -0.979169  -2.00983  -1.69119  -1.50908   7.29861
 -2.16828  -0.97913  -2.00469  -1.69944  -1.50884   7.32853
 -2.16821 -0.979132  -1.99952   -1.7077  -1.50871   7.35855
 -2.16819 -0.979172  -1.99432  -1.71597  -1.50868   7.38865
 -2.16821 -0.979255   -1.9891  -1.72424  -1.50876   7.41885
 -2.16827 -0.979379  -1.98385  -1.73251  -1.50895   7.44912
 -2.16838 -0.979545  -1.97857  -1.74077  -1.50925   7.47948
 -2.16853 -0.979756  -1.97328  -1.74901  -1.50966   7.50992
 -2.16873  -0.98001  -1.96796  -1.75724  -1.51018   7.54044
 -2.16897 -0.980309  -1.96262  -1.76544  -1.51082   7.57103
 -2.16926 -0.980654  -1.95725  -1.77361  -1.51157    7.6017
  -2.1696 -0.981043  -1.95187  -1.78174  -1.51243   7.63244
 -2.16998 -0.981479  -1.94646  -1.78984  -1.51341   7.66325
  -2.1704 -0.981961  -1.94104  -1.79788   -1.5145   7.69413
 -2.17088  -0.98249   -1.9356  -1.80587  -1.51571   7.72507
  -2.1714 -0.983067  -1.93014   -1.8138  -1.51703   7.75607
 -2.17196 -0.983689  -1.92466  -1.82167  -1.51846   7.78714
 -2.17257  -0.98436  -1.91917  -1.82946  -1.52001   7.81826
 -2.17322 -0.985078  -1.91367  -1.83718  -1.52167   7.84945
 -2.17392 -0.985843  -1.90815  -1.84483  -1.52344   7.88069
 -2.17466 -0.986655  -1.90262  -1.85238  -1.52532   7.91198
 -2.17545 -0.987515  -1.89708  -1.85984  -1.52731   7.94333
 -2.17628 -0.988421  -1.89153  -1.86721  -1.52941   7.97472
 -2.17715 -0.989375  -1.88597  -1.87447  -1.53162   8.00617
 -2.17807 -0.990375   -1.8804  -1.88163  -1.53393   8.03766
 -2.17903 -0.991422  -1.87482  -1.88867  -1.53635    8.0692

