
Posizione end effector raggiunta:  1.14984 -1.29999  7.14987

MATRICE di q
  -0.056007   -0.571166    -2.44192    -1.61177    -1.67022     5.25379
 -0.0562122   -0.572569    -2.43735    -1.61366    -1.67048     5.26661
 -0.0564289   -0.573885    -2.43278    -1.61591    -1.67075     5.27788
 -0.0566639   -0.575127     -2.4282    -1.61848    -1.67105     5.28771
 -0.0569174   -0.576306    -2.42363    -1.62135    -1.67136     5.29618
 -0.0571908    -0.57743    -2.41904     -1.6245    -1.67171     5.30338
 -0.0574824   -0.578508    -2.41445    -1.62788    -1.67207     5.30938
 -0.0577944   -0.579547    -2.40985    -1.63148    -1.67246     5.31425
 -0.0581216   -0.580553    -2.40525    -1.63527    -1.67287     5.31807
 -0.0584652   -0.581532    -2.40063    -1.63925     -1.6733     5.32089
 -0.0588202   -0.582487    -2.39601    -1.64338    -1.67375     5.32278
 -0.0591853   -0.583423    -2.39137    -1.64766     -1.6742     5.32378
   -0.05956   -0.584344    -2.38673    -1.65208    -1.67467     5.32395
 -0.0599389   -0.585252    -2.38208    -1.65661    -1.67515     5.32333
 -0.0603185   -0.586148    -2.37741    -1.66125    -1.67562     5.32198
 -0.0606976   -0.587036    -2.37274    -1.66599     -1.6761     5.31992
 -0.0610741   -0.587917    -2.36806    -1.67082    -1.67657      5.3172
 -0.0614448   -0.588793    -2.36337    -1.67572    -1.67703     5.31387
 -0.0618085   -0.589665    -2.35867     -1.6807    -1.67749     5.30994
 -0.0621583   -0.590534    -2.35396    -1.68575    -1.67793     5.30546
 -0.0624976     -0.5914    -2.34924    -1.69086    -1.67835     5.30045
 -0.0628202   -0.592266    -2.34451    -1.69602    -1.67876     5.29494
 -0.0631266   -0.593131    -2.33977    -1.70124    -1.67915     5.28896
  -0.063415   -0.593997    -2.33503     -1.7065    -1.67951     5.28254
 -0.0636805   -0.594862    -2.33028     -1.7118    -1.67985     5.27569
 -0.0639259    -0.59573    -2.32552    -1.71714    -1.68016     5.26844
 -0.0641451   -0.596598    -2.32075    -1.72252    -1.68044     5.26082
 -0.0643418   -0.597469    -2.31597    -1.72793    -1.68069     5.25284
   -0.06451   -0.598342    -2.31119    -1.73337     -1.6809     5.24451
 -0.0646537   -0.599218     -2.3064    -1.73883    -1.68109     5.23587
 -0.0647677   -0.600097     -2.3016    -1.74432    -1.68123     5.22692
  -0.064854   -0.600979    -2.29679    -1.74983    -1.68135     5.21768
 -0.0649099   -0.601865    -2.29198    -1.75535    -1.68142     5.20817
 -0.0649368   -0.602756    -2.28716     -1.7609    -1.68146     5.19839
 -0.0649324    -0.60365    -2.28234    -1.76645    -1.68146     5.18837
 -0.0648974   -0.604549    -2.27751    -1.77202    -1.68142     5.17812
 -0.0648288   -0.605452    -2.27267    -1.77761    -1.68134     5.16764
 -0.0647316   -0.606361    -2.26782     -1.7832    -1.68123     5.15695
 -0.0646001   -0.607275    -2.26297     -1.7888    -1.68107     5.14606
 -0.0644383   -0.608195    -2.25812     -1.7944    -1.68088     5.13498
 -0.0642447   -0.609121    -2.25326    -1.80001    -1.68064     5.12373
 -0.0640171   -0.610052    -2.24839    -1.80563    -1.68037      5.1123
  -0.063759   -0.610989    -2.24352    -1.81124    -1.68005      5.1007
  -0.063467   -0.611933    -2.23864    -1.81686    -1.67969     5.08895
 -0.0631462   -0.612885    -2.23376    -1.82247     -1.6793     5.07706
 -0.0627911   -0.613843    -2.22887    -1.82808    -1.67887     5.06502
 -0.0624044   -0.614808    -2.22398    -1.83369    -1.67839     5.05285
  -0.061988   -0.615781    -2.21908    -1.83929    -1.67788     5.04055
 -0.0615386   -0.616761    -2.21418    -1.84489    -1.67733     5.02813
   -0.06106    -0.61775    -2.20927    -1.85047    -1.67674      5.0156
 -0.0605491   -0.618745    -2.20436    -1.85605    -1.67612     5.00296
 -0.0600097   -0.619751    -2.19945    -1.86162    -1.67545     4.99022
 -0.0594393   -0.620763    -2.19453    -1.86718    -1.67475     4.97737
 -0.0588378   -0.621784     -2.1896    -1.87272    -1.67402     4.96443
  -0.058207   -0.622814    -2.18467    -1.87826    -1.67324      4.9514
 -0.0575474   -0.623853    -2.17974    -1.88377    -1.67243     4.93829
 -0.0568594   -0.624901    -2.17481    -1.88927    -1.67159     4.92509
 -0.0561426   -0.625958    -2.16987    -1.89476    -1.67071     4.91182
 -0.0553977   -0.627024    -2.16492    -1.90023     -1.6698     4.89847
  -0.054624   -0.628099    -2.15998    -1.90568    -1.66885     4.88505
 -0.0538235   -0.629184    -2.15503    -1.91111    -1.66788     4.87156
 -0.0529964   -0.630279    -2.15007    -1.91652    -1.66687     4.85801
 -0.0521426   -0.631384    -2.14512     -1.9219    -1.66582     4.84439
 -0.0512612   -0.632498    -2.14016    -1.92727    -1.66475     4.83072
 -0.0503548   -0.633622    -2.13519    -1.93261    -1.66364     4.81699
 -0.0494217   -0.634756    -2.13023    -1.93793    -1.66251      4.8032
  -0.048464     -0.6359    -2.12526    -1.94323    -1.66134     4.78937
 -0.0474816   -0.637055    -2.12029     -1.9485    -1.66015     4.77548
 -0.0464738   -0.638219    -2.11532    -1.95374    -1.65893     4.76154
 -0.0454428   -0.639394    -2.11034    -1.95896    -1.65768     4.74757
 -0.0443873   -0.640579    -2.10536    -1.96415     -1.6564     4.73354
 -0.0433081   -0.641773    -2.10038    -1.96931    -1.65509     4.71948
 -0.0422068   -0.642979     -2.0954    -1.97444    -1.65376     4.70537
 -0.0410821   -0.644195    -2.09041    -1.97955     -1.6524     4.69123
 -0.0399354   -0.645422    -2.08542    -1.98462    -1.65102     4.67705
 -0.0387649   -0.646658    -2.08043    -1.98966    -1.64961     4.66283
 -0.0375758   -0.647906    -2.07544    -1.99468    -1.64818     4.64858
 -0.0363633   -0.649164    -2.07045    -1.99965    -1.64673      4.6343
   -0.03513   -0.650433    -2.06545     -2.0046    -1.64525     4.61998
 -0.0338767   -0.651712    -2.06045    -2.00951    -1.64375     4.60564
 -0.0326029   -0.653001    -2.05545     -2.0144    -1.64222     4.59126
 -0.0313097   -0.654302    -2.05045    -2.01924    -1.64068     4.57686
 -0.0299964   -0.655612    -2.04545    -2.02406    -1.63911     4.56243
 -0.0286664   -0.656933    -2.04045    -2.02883    -1.63753     4.54797
 -0.0273156   -0.658266    -2.03544    -2.03357    -1.63592     4.53349
 -0.0259477   -0.659608    -2.03043    -2.03828     -1.6343     4.51899
 -0.0245608   -0.660962    -2.02543    -2.04295    -1.63265     4.50446
 -0.0231559   -0.662325    -2.02042    -2.04758    -1.63099     4.48991
 -0.0217366     -0.6637    -2.01541    -2.05218    -1.62931     4.47534
  -0.020298   -0.665084    -2.01039    -2.05674    -1.62761     4.46075
 -0.0188441    -0.66648    -2.00538    -2.06125     -1.6259     4.44613
 -0.0173742   -0.667887    -2.00037    -2.06574    -1.62417      4.4315
 -0.0158891   -0.669303    -1.99535    -2.07018    -1.62243     4.41685
 -0.0143882   -0.670731    -1.99034    -2.07458    -1.62067     4.40218
 -0.0128725   -0.672169    -1.98532    -2.07895     -1.6189      4.3875
 -0.0113436   -0.673617     -1.9803    -2.08328    -1.61711     4.37279
-0.00980056   -0.675077    -1.97528    -2.08756    -1.61531     4.35808
-0.00824388   -0.676547    -1.97026    -2.09181     -1.6135     4.34335
-0.00667376   -0.678027    -1.96524    -2.09602    -1.61167      4.3286
-0.00509004   -0.679518    -1.96022    -2.10018    -1.60984     4.31383

