STEP 1
Posizione end effector iniziale: -4.39736 -3.29477  6.49482
det = 67.6781

J inversa
    0.072706    -0.172933 -1.26237e-17    -0.172414   -0.0724879  1.42035e-06
    0.137502     0.103028    -0.260084     0.203223    -0.376125  1.11295e-05
   -0.411134    -0.308051      0.30512    -0.425034     0.690324 -2.06049e-05
    0.273629     0.205028   -0.0450358     0.609383     -1.23604  3.63742e-05
  5.5214e-07 -1.31328e-06 -4.79741e-18      0.92184     0.387568 -7.59413e-06
   -0.072706     0.172933  -8.9731e-19     0.172421    0.0724909     0.999999
dot q: [0.063687, 0.336201, -1.00593, 0.669726, 2e-06, -0.349768]
STEP 2
Posizione end effector iniziale: -4.31353 -3.27402  6.49364
det = 68.8647

J inversa
   0.0742877    -0.175443 -1.28691e-17    -0.174917   -0.0740648  1.48051e-06
    0.126969    0.0963737    -0.255905     0.195573     -0.36153  1.06686e-05
   -0.391217    -0.296943     0.295165    -0.410803     0.661027 -1.96811e-05
    0.264246     0.200574   -0.0392594      0.60515     -1.22035  3.58313e-05
 5.79009e-07 -1.36743e-06 -1.11822e-17     0.920849     0.389915 -7.79413e-06
  -0.0742877     0.175443  3.01009e-17     0.174924    0.0740679     0.999999
dot q: [0.064984, 0.305528, -0.943941, 0.638401, -4.9e-05, -0.315637]
STEP 3
Posizione end effector iniziale: -4.23104 -3.25368  6.49271
det = 69.7671

J inversa
   0.0759064    -0.177976 -2.62399e-17    -0.177442   -0.0756787  1.59614e-06
    0.117691    0.0905071    -0.252479     0.188995    -0.348878  1.10632e-05
   -0.373896    -0.287531     0.286814    -0.398857       0.6358 -2.03621e-05
    0.256202     0.197029   -0.0343358     0.602175     -1.20675  3.80776e-05
  6.2806e-07  -1.4726e-06  1.59552e-18     0.919833     0.392307 -8.27413e-06
  -0.0759064     0.177976  1.62292e-17      0.17745    0.0756819     0.999998
dot q: [0.066376, 0.27931, -0.891521, 0.612214, 4e-06, -0.283702]
STEP 4
Posizione end effector iniziale: -4.14969 -3.23366  6.49198
det = 70.4296

J inversa
   0.0775661    -0.180538           -0    -0.179996   -0.0773334  1.59744e-06
    0.109391    0.0852459    -0.249635     0.183244    -0.337735   1.0665e-05
   -0.358596    -0.279442     0.279714    -0.388696     0.613743 -1.95928e-05
    0.249202     0.194201   -0.0300795     0.600205      -1.1948  3.75466e-05
 6.32485e-07 -1.47213e-06  3.18768e-18     0.918788     0.394748 -8.15413e-06
  -0.0775661     0.180538  1.04195e-18     0.180003    0.0773366     0.999998
dot q: [0.067871, 0.256506, -0.846479, 0.589974, 5e-06, -0.253976]
STEP 5
Posizione end effector iniziale: -4.06933 -3.21394  6.49141
det = 70.8867

J inversa
   0.0792707    -0.183133  2.72827e-17    -0.182583   -0.0790329  1.61434e-06
    0.101871    0.0804601    -0.247253      0.17815    -0.327791    1.029e-05
   -0.344906     -0.27241     0.273612    -0.379963     0.594211 -1.88726e-05
    0.243033     0.191955   -0.0263583      0.59906     -1.18413  3.70014e-05
 6.43214e-07 -1.48596e-06  3.18408e-18     0.917713     0.397241 -8.11413e-06
  -0.0792707     0.183133  -1.4555e-17     0.182591    0.0790361     0.999998
dot q: [0.069477, 0.236398, -0.807288, 0.570893, 5e-06, -0.226121]
STEP 6
Posizione end effector iniziale: -3.98981 -3.19446  6.49097
det = 71.1658

J inversa
   0.0810242    -0.185766 -2.78264e-17    -0.185208   -0.0807811  1.61529e-06
   0.0949857    0.0760531    -0.245246     0.173584    -0.318819  9.95173e-06
   -0.332524    -0.266241     0.268321    -0.372399     0.576729 -1.82331e-05
    0.237536     0.190193   -0.0230748      0.59861     -1.17451  3.65002e-05
 6.47719e-07 -1.48504e-06  2.38485e-18     0.916605      0.39979 -7.99413e-06
  -0.0810242     0.185766   2.9631e-17     0.185216    0.0807843     0.999998
dot q: [0.071204, 0.218432, -0.77281, 0.554382, 5e-06, -0.200283]
STEP 7
Posizione end effector iniziale: -3.91103 -3.17519  6.49063
det = 71.2894

J inversa
   0.0828304     -0.18844   2.8387e-17    -0.187875   -0.0825819  1.60775e-06
    0.088623    0.0719514    -0.243546     0.169451    -0.310644  9.64262e-06
   -0.321218    -0.260787     0.263702    -0.365806     0.560936 -1.76573e-05
    0.232593      0.18884   -0.0201559     0.598759     -1.16575  3.60335e-05
 6.48905e-07 -1.47627e-06  9.52845e-18     0.915463     0.402399 -7.83413e-06
  -0.0828304      0.18844  2.23526e-18     0.187882    0.0825851     0.999998
dot q: [0.073031, 0.202219, -0.7422, 0.539984, 2e-06, -0.176147]
STEP 8
Posizione end effector iniziale: -3.83288 -3.15609  6.49039
det = 71.2757

J inversa
   0.0846935    -0.191161 -1.44829e-17    -0.190588   -0.0844394  1.60805e-06
   0.0826978    0.0680979    -0.242102     0.165674    -0.303134  9.39697e-06
    -0.31081    -0.255933     0.259647    -0.360032     0.546553 -1.72043e-05
     0.22811     0.187841   -0.0175455     0.599434      -1.1577  3.57461e-05
 6.53337e-07 -1.47464e-06 -7.13713e-18     0.914283     0.405071 -7.71413e-06
  -0.0846935     0.191161 -1.48783e-18     0.190595    0.0844425     0.999998
dot q: [0.074978, 0.187436, -0.714749, 0.527317, 1e-06, -0.153731]
STEP 9
Posizione end effector iniziale: -3.75529 -3.13715  6.49021
det = 71.1404

J inversa
   0.0866173    -0.193931           -0    -0.193349   -0.0863575  1.59965e-06
    0.077143    0.0644473    -0.240873     0.162197    -0.296183  9.18388e-06
    -0.30116    -0.251592     0.256072    -0.354959     0.533362 -1.68199e-05
    0.224014      0.18715   -0.0151994      0.60058     -1.15024  3.55348e-05
  6.5432e-07 -1.46498e-06 -8.71174e-18     0.913064     0.407811 -7.55413e-06
  -0.0866173     0.193931  2.65848e-17     0.193356    0.0863606     0.999998
dot q: [0.077055, 0.173839, -0.689964, 0.516129, 1e-06, -0.132856]
STEP 10
Posizione end effector iniziale: -3.67817 -3.11834  6.49009
det = 70.8963

J inversa
   0.0886064    -0.196753 -3.01841e-17    -0.196163   -0.0883406  1.59075e-06
   0.0719048    0.0609631    -0.239827      0.15897    -0.289706  8.98544e-06
   -0.292154    -0.247692      0.25291    -0.350494     0.521186  -1.6468e-05
    0.220247     0.186734   -0.0130829     0.602154     -1.14328  3.53413e-05
 6.55168e-07 -1.45482e-06   8.6997e-18     0.911803     0.410624 -7.39413e-06
  -0.0886064     0.196753 -2.60253e-17      0.19617    0.0883436     0.999998
dot q: [0.079247, 0.161236, -0.667394, 0.506154, -4.9e-05, -0.113521]
STEP 11
Posizione end effector iniziale: -3.60148 -3.09965  6.49001
det = 70.5549

J inversa
   0.0906648    -0.199632 -1.54134e-17    -0.199033   -0.0903928  1.65132e-06
   0.0669401    0.0576153    -0.238938     0.155957    -0.283637  9.43709e-06
   -0.283702    -0.244176     0.250106    -0.346561     0.509885 -1.73257e-05
    0.216759     0.186566   -0.0111679     0.604123     -1.13674  3.77074e-05
 6.84895e-07 -1.50805e-06  3.94866e-19     0.910497     0.413512 -7.55413e-06
  -0.0906648     0.199632 -6.86658e-20      0.19904    0.0903959     0.999998
dot q: [0.081565, 0.149462, -0.646728, 0.497276, 5e-06, -0.095647]
STEP 12
Posizione end effector iniziale: -3.52514 -3.08106  6.48997
det = 70.1258

J inversa
   0.0927972    -0.202569 -1.57472e-17    -0.201961   -0.0925188  1.58925e-06
   0.0622135    0.0543787    -0.238184     0.153124    -0.277919  9.20477e-06
   -0.275727    -0.240997     0.247616    -0.343098      0.49934 -1.69347e-05
    0.213511     0.186624  -0.00943184     0.606461     -1.13056  3.73487e-05
 6.63885e-07 -1.44921e-06 -3.94278e-18     0.909143      0.41648 -7.15413e-06
  -0.0927972     0.202569 -8.75895e-19     0.201968    0.0925218     0.999998
dot q: [0.084016, 0.138399, -0.627669, 0.489281, 5e-06, -0.079059]
STEP 13
Posizione end effector iniziale: -3.44913 -3.06255  6.48996
det = 69.6177

J inversa
   0.0950083    -0.205568           -0    -0.204952   -0.0947233  1.51593e-06
   0.0576962    0.0512322    -0.237548     0.150446    -0.272506  8.98467e-06
   -0.268168    -0.238116     0.245404    -0.340054     0.489454 -1.65739e-05
    0.210469      0.18689  -0.00785602     0.609149     -1.12469   3.7008e-05
   6.379e-07 -1.38021e-06 -6.69237e-18     0.907738     0.419533 -6.71413e-06
  -0.0950083     0.205568 -1.40204e-18     0.204958    0.0947261     0.999998
dot q: [0.086607, 0.127934, -0.609974, 0.482049, 6e-06, -0.063795]
STEP 14
Posizione end effector iniziale: -3.37339 -3.04411  6.48998
det = 69.038

J inversa
   0.0973031    -0.208632 -1.64556e-17    -0.208006   -0.0970112  1.45838e-06
   0.0533641    0.0481579    -0.237014       0.1479    -0.267359  8.76052e-06
    -0.26097    -0.235502     0.243439    -0.337389     0.480146 -1.62048e-05
    0.207603      0.18735  -0.00642512     0.612171     -1.11907  3.66231e-05
 6.18278e-07 -1.32568e-06 -1.76868e-17      0.90628     0.422675 -6.35413e-06
  -0.0973031     0.208632  2.29676e-17     0.208012    0.0970138     0.999999
dot q: [0.089357, 0.117988, -0.593473, 0.475495, 6e-06, -0.049742]
STEP 15
Posizione end effector iniziale: -3.29788 -3.02574  6.49002
det = 68.3937

J inversa
   0.0996867    -0.211764 -6.73295e-17    -0.211129   -0.0993877  1.38941e-06
   0.0491973    0.0451401    -0.236569     0.145467    -0.262445  8.54638e-06
    -0.25409    -0.233127     0.241695    -0.335066     0.471345 -1.58612e-05
    0.204889     0.187993  -0.00512633     0.615518     -1.11366  3.62536e-05
 5.93549e-07 -1.26087e-06 -5.88584e-18     0.904763     0.425912 -5.95413e-06
  -0.0996867     0.211764  2.53178e-17     0.211134    0.0993902     0.999999
dot q: [0.092242, 0.108491, -0.577993, 0.469512, 6e-06, -0.036898]
STEP 16
Posizione end effector iniziale: -3.22259 -3.00742  6.49007
det = 67.6908

J inversa
    0.102165    -0.214966 -3.44513e-17    -0.214321    -0.101858  1.31797e-06
   0.0451791    0.0421651    -0.236202      0.14313    -0.257736   8.3403e-06
   -0.247488    -0.230968     0.240151    -0.333056     0.462992 -1.55369e-05
    0.202306     0.188809  -0.00394891      0.61918     -1.10844  3.58954e-05
 5.67437e-07 -1.19395e-06  1.17507e-17     0.903185     0.429247 -5.55414e-06
   -0.102165     0.214966  2.94506e-17     0.214326     0.101861     0.999999
dot q: [0.095299, 0.099389, -0.563415, 0.464033, 5e-06, -0.025067]
STEP 17
Posizione end effector iniziale: -3.14747 -2.98914  6.49013
det = 66.9349

J inversa
    0.104743    -0.218241  1.76367e-17    -0.217586    -0.104428  1.27291e-06
   0.0412955    0.0392208    -0.235904     0.140876     -0.25321  8.15085e-06
    -0.24113    -0.229006     0.238788    -0.331335     0.455036 -1.52399e-05
    0.199832     0.189791  -0.00288376     0.623153     -1.10337  3.55878e-05
 5.52428e-07 -1.15103e-06  -9.3837e-18     0.901543     0.432687 -5.27414e-06
   -0.104743     0.218241   2.4246e-17     0.217591     0.104431     0.999999
dot q: [0.098529, 0.090614, -0.549584, 0.458981, 5e-06, -0.014387]
STEP 18
Posizione end effector iniziale: -3.07252 -2.97091  6.49021
det = 66.1309

J inversa
    0.107427    -0.221591           -0    -0.220926    -0.107105  1.18688e-06
    0.037535    0.0362963    -0.235666     0.138692    -0.248844  7.97023e-06
   -0.234989    -0.227223     0.237589    -0.329882      0.44743 -1.49744e-05
    0.197451     0.190933  -0.00192336     0.627434     -1.09841   3.5303e-05
 5.19317e-07  -1.0712e-06 -5.36592e-18      0.89983     0.436237 -4.83414e-06
   -0.107427     0.221591  2.50069e-17      0.22093     0.107107     0.999999
dot q: [0.101934, 0.082139, -0.536431, 0.454291, -4.5e-05, -0.004724]
STEP 19
Posizione end effector iniziale: -2.99771 -2.95271  6.49029
det = 65.2837

J inversa
    0.110224    -0.225018 -3.70357e-17    -0.224343    -0.109893  1.21762e-06
   0.0338879    0.0333821     -0.23548     0.136566    -0.244622  8.34709e-06
   -0.229038    -0.225605     0.236542    -0.328678     0.440135 -1.57538e-05
    0.195147      0.19223  -0.00106121     0.632021     -1.09356  3.75055e-05
 5.37247e-07 -1.09677e-06  1.48482e-17     0.898044     0.439902 -4.87414e-06
   -0.110224     0.225018  2.99413e-17     0.224347     0.109895     0.999999
dot q: [0.105515, 0.07394, -0.523898, 0.449969, 1e-05, 0.004032]
STEP 20
Posizione end effector iniziale: -2.92302 -2.93454  6.49038
det = 64.3975

J inversa
     0.11314    -0.228525            0     -0.22784    -0.112801  1.12731e-06
   0.0303462    0.0304686     -0.23534     0.134489    -0.240527   8.1127e-06
   -0.223254     -0.22414     0.235632    -0.327707     0.433116 -1.53957e-05
    0.192904     0.193678  -0.00029165     0.636914     -1.08877  3.69818e-05
 5.01681e-07 -1.01331e-06  1.05664e-17      0.89618     0.443689 -4.43414e-06
    -0.11314     0.228525  5.49748e-17     0.227844     0.112803     0.999999
dot q: [0.109311, 0.065973, -0.51185, 0.445886, 1.1e-05, 0.011804]
STEP 21
Posizione end effector iniziale: -2.84843  -2.9164  6.49047
det = 63.4762

J inversa
    0.116184    -0.232114            0    -0.231418    -0.115835  1.05435e-06
   0.0269035    0.0275482    -0.235239      0.13245    -0.236548  7.87252e-06
   -0.217617    -0.222815     0.234849    -0.326957      0.42634 -1.50231e-05
     0.19071     0.195274   0.00039002     0.642117     -1.08402  3.64094e-05
 4.73349e-07 -9.45667e-07 -5.30795e-18     0.894231     0.447603 -4.07414e-06
   -0.116184     0.232114 -5.35423e-17     0.231422     0.115837     0.999999
dot q: [0.113302, 0.058225, -0.500265, 0.442049, 1.1e-05, 0.018705]
STEP 22
Posizione end effector iniziale: -2.77393 -2.89827  6.49057
det = 62.5237

J inversa
    0.119361    -0.235787 -7.66127e-17     -0.23508    -0.119003   9.7862e-07
   0.0235545     0.024613    -0.235172     0.130443    -0.232672  7.63835e-06
   -0.212108    -0.221621     0.234184    -0.326415      0.41978 -1.46645e-05
     0.18855     0.197015   0.00098794      0.64763      -1.0793   3.5845e-05
 4.43325e-07 -8.75746e-07 -5.17554e-18     0.892194     0.451651 -3.71414e-06
   -0.119361     0.235787  1.02745e-16     0.235083     0.119005     0.999999
dot q: [0.117533, 0.05066, -0.489065, 0.438415, 7e-06, 0.024676]
STEP 23
Posizione end effector iniziale: -2.69952 -2.88016  6.49067
det = 61.5434

J inversa
    0.122682    -0.239545  7.70944e-17    -0.238826    -0.122314  8.89269e-07
   0.0202952    0.0216561    -0.235134      0.12846    -0.228888  7.45206e-06
   -0.206712     -0.22055     0.233629    -0.326072     0.413409 -1.44057e-05
    0.186413     0.198901   0.00150552      0.65346     -1.07458  3.54925e-05
 4.06585e-07 -7.93885e-07  7.72176e-19      0.89006     0.455841 -3.31414e-06
   -0.122682     0.239545 -5.16688e-17     0.238829     0.122315     0.999999
dot q: [0.122002, 0.043279, -0.4782, 0.434929, 9e-06, 0.029833]
STEP 24
Posizione end effector iniziale: -2.62518 -2.86207  6.49077
det = 60.5386

J inversa
    0.126154    -0.243389            0    -0.242659    -0.125775  8.18353e-07
   0.0171229    0.0186709     -0.23512     0.126494    -0.225189  7.24805e-06
   -0.201412    -0.219593     0.233174     -0.32592     0.407202 -1.41083e-05
    0.184286     0.200929   0.00194586     0.659613     -1.06984  3.50391e-05
 3.77722e-07 -7.28741e-07   5.2942e-18     0.887825     0.460179 -2.99414e-06
   -0.126154     0.243389    1.339e-18     0.242661     0.125777     0.999999
dot q: [0.126719, 0.036063, -0.467655, 0.4316, 9e-06, 0.034141]
STEP 25
Posizione end effector iniziale: -2.55089 -2.84399  6.49088
det = 59.5124

J inversa
    0.129786    -0.247321            0    -0.246579    -0.129397  7.44665e-07
   0.0140355    0.0156509    -0.235126     0.124539    -0.221566  7.04814e-06
   -0.196196    -0.218744     0.232814    -0.325952     0.401138 -1.38214e-05
    0.182157       0.2031   0.00231162     0.666093     -1.06505   3.4592e-05
 3.47067e-07 -6.61371e-07 -1.84328e-17     0.885481     0.464673 -2.67414e-06
   -0.129786     0.247321 -5.26133e-18     0.246581     0.129398     0.999999
dot q: [0.131721, 0.029003, -0.457342, 0.428339, -4e-05, 0.037674]
STEP 26
Posizione end effector iniziale: -2.47666 -2.82592  6.49099
det = 58.4678

J inversa
     0.13359    -0.251341 -7.85743e-17    -0.250587    -0.133189  7.58878e-07
    0.011032    0.0125907    -0.235147      0.12259    -0.218013  7.34019e-06
   -0.191049    -0.217997     0.232542    -0.326161     0.395196 -1.44954e-05
    0.180013     0.205413    0.0026051      0.67291      -1.0602   3.6574e-05
 3.57238e-07 -6.72122e-07 -8.99945e-18     0.883021     0.469332 -2.67414e-06
    -0.13359     0.251341  4.90807e-17     0.250589      0.13319     0.999999
dot q: [0.136987, 0.022104, -0.447272, 0.425181, 1.3e-05, 0.040407]
STEP 27
Posizione end effector iniziale: -2.40247 -2.80785  6.49109
det = 57.4076

J inversa
    0.137574     -0.25545  7.90798e-17    -0.254683    -0.137161  6.23128e-07
  0.00811254   0.00948436     -0.23518     0.120641    -0.214525  7.10171e-06
   -0.185961    -0.217345     0.232351     -0.32654     0.389356 -1.41595e-05
    0.177844     0.207868   0.00282849      0.68007     -1.05526  3.59566e-05
 2.96354e-07 -5.50275e-07  3.81839e-18     0.880436     0.474164 -2.15414e-06
   -0.137574      0.25545 -5.04877e-17     0.254685     0.137162     0.999999
dot q: [0.142571, 0.015332, -0.437386, 0.422063, 1.3e-05, 0.042304]
STEP 28
Posizione end effector iniziale: -2.32833  -2.7898   6.4912
det = 56.3344

J inversa
     0.14175    -0.259647            0    -0.258868    -0.141325  5.29152e-07
  0.00527771   0.00632668    -0.235221     0.118688    -0.211097  6.86669e-06
    -0.18092    -0.216783     0.232237    -0.327087     0.383601 -1.38176e-05
    0.175638     0.210464   0.00298341     0.687584     -1.05022  3.53297e-05
  2.5432e-07 -4.65844e-07  2.47422e-18     0.877718     0.479177 -1.79414e-06
    -0.14175     0.259647  7.29735e-19      0.25887     0.141326     0.999999
dot q: [0.148484, 0.008707, -0.427654, 0.418956, 1.3e-05, 0.043447]
STEP 29
Posizione end effector iniziale: -2.25422 -2.77174  6.49131
det = 55.2508

J inversa
    0.146131    -0.263932            0     -0.26314    -0.145693  4.31363e-07
   0.0025292   0.00311279    -0.235266     0.116726    -0.207726  6.63578e-06
   -0.175915    -0.216307     0.232195    -0.327797     0.377912 -1.34853e-05
    0.173382     0.213202   0.00307158      0.69546     -1.04504  3.47083e-05
 2.09573e-07 -3.78516e-07 -1.57455e-17     0.874856     0.484381 -1.43414e-06
   -0.146131     0.263932 -4.73595e-18     0.263141     0.145693            1
dot q: [0.154755, 0.002225, -0.418046, 0.415829, 9e-06, 0.04388]
STEP 30
Posizione end effector iniziale: -2.18015 -2.75369  6.49142
det = 54.1592

J inversa
    0.150729    -0.268303 -4.03176e-17    -0.267498    -0.150276   3.4184e-07
 -0.00013048 -0.000161849    -0.235314     0.114752    -0.204408  6.44623e-06
   -0.170937    -0.215913     0.232219    -0.328667     0.372272 -1.32357e-05
    0.171064     0.216082   0.00309451      0.70371      -1.0397  3.42882e-05
 1.67933e-07 -2.98928e-07  7.37297e-18     0.871841     0.489788 -1.11414e-06
   -0.150729     0.268303  2.26218e-18     0.267499     0.150277            1
dot q: [0.161392, -0.004113, -0.408566, 0.412686, 1.1e-05, 0.043441]
STEP 31
Posizione end effector iniziale:  -2.1061 -2.73564  6.49153
det = 53.0621

J inversa
    0.155556    -0.272757  8.11673e-17    -0.271939    -0.155089  2.61133e-07
 -0.00269819  -0.00350175     -0.23536     0.112763    -0.201142  6.24084e-06
   -0.165976    -0.215595     0.232306    -0.329695     0.366665 -1.29507e-05
     0.16867     0.219104   0.00305362     0.712345     -1.03418  3.37686e-05
 1.29756e-07 -2.27519e-07 -9.41804e-18     0.868661     0.495406 -8.34142e-07
   -0.155556     0.272757 -2.94838e-18      0.27194      0.15509            1
dot q: [0.168427, -0.010298, -0.399163, 0.409468, 1.1e-05, 0.042334]
STEP 32
Posizione end effector iniziale: -2.03207 -2.71759  6.49164
det = 51.9616

J inversa
    0.160628    -0.277293  4.08532e-17    -0.276461    -0.160146  1.77046e-07
 -0.00516976   -0.0069108    -0.235402     0.110756    -0.197926  6.03854e-06
   -0.161024    -0.215351     0.232451    -0.330877     0.361075 -1.26732e-05
    0.166189      0.22227   0.00295031     0.721375     -1.02845  3.32535e-05
 8.90108e-08  -1.5366e-07  6.94242e-18     0.865304     0.501247 -5.54143e-07
   -0.160628     0.277293   2.0543e-18     0.276461     0.160146            1
dot q: [0.17591, -0.016348, -0.389808, 0.406164, 1.1e-05, 0.040353]
STEP 33
Posizione end effector iniziale: -1.95807 -2.69954  6.49176
det = 50.8599

J inversa
    0.165959    -0.281904            0    -0.281058    -0.165461  7.63646e-08
 -0.00754031   -0.0103927    -0.235436     0.108728    -0.194759  5.83895e-06
   -0.156071    -0.215177     0.232651    -0.332212     0.355486  -1.2407e-05
    0.163607     0.225577   0.00278572     0.730815     -1.02248  3.27469e-05
 3.88581e-08 -6.60057e-08 -1.12118e-18     0.861756     0.507323 -2.34143e-07
   -0.165959     0.281904  -2.1103e-19     0.281058     0.165461            1
dot q: [0.183847, -0.022232, -0.380501, 0.402733, -3.8e-05, 0.037643]
STEP 34
Posizione end effector iniziale: -1.88408 -2.68149  6.49188
det = 49.7592

J inversa
    0.171565    -0.286585 -8.28064e-17    -0.285725    -0.171051  7.79724e-08
  -0.0098042   -0.0139505    -0.235462     0.106678    -0.191643  6.07388e-06
   -0.151108     -0.21507     0.232901      -0.3337     0.349881 -1.30379e-05
    0.160908     0.229028   0.00256124     0.740676     -1.01624  3.46628e-05
 4.01708e-08 -6.71018e-08  1.67444e-17     0.858002     0.513647 -2.34143e-07
   -0.171565     0.286585  5.74326e-17     0.285725     0.171051            1
dot q: [0.192247, -0.027942, -0.371223, 0.399173, 1.5e-05, 0.034131]
STEP 35
Posizione end effector iniziale: -1.81011 -2.66344  6.49199
det = 48.6615

J inversa
    0.177463     -0.29133            0    -0.290456    -0.176931 -2.92002e-08
  -0.0119547   -0.0175872    -0.235476     0.104605    -0.188577  5.83818e-06
   -0.146129    -0.215025     0.233197    -0.335337     0.344247 -1.27036e-05
    0.158079      0.23262   0.00227828      0.75097     -1.00969  3.39642e-05
-1.52365e-08  2.50128e-08  7.68528e-18     0.854027     0.520229  8.58574e-08
   -0.177463      0.29133 -4.91665e-17     0.290456     0.176931            1
dot q: [0.201211, -0.033479, -0.36194, 0.395429, 1.2e-05, 0.029791]
STEP 36
Posizione end effector iniziale: -1.73615 -2.64538  6.49212
det = 47.5688

J inversa
     0.18367    -0.296128 -4.19684e-17     -0.29524    -0.183119 -1.68796e-07
  -0.0139846   -0.0213051    -0.235476     0.102508    -0.185564  5.63066e-06
   -0.141125    -0.215039     0.233537    -0.337124     0.338566 -1.24412e-05
    0.155104     0.236352   0.00193819     0.761711     -1.00281  3.34293e-05
-8.92375e-08  1.43876e-07  2.39553e-18     0.849812     0.527086  4.85857e-07
    -0.18367     0.296128 -5.10235e-17     0.295239     0.183119            1
dot q: [0.210708, -0.038814, -0.352649, 0.391472, 1.2e-05, 0.02459]
STEP 37
Posizione end effector iniziale: -1.66221 -2.62732  6.49223
det = 46.4832

J inversa
    0.190204     -0.30097 -4.22569e-17    -0.300067    -0.189633 -3.00251e-07
  -0.0158855   -0.0251057     -0.23546     0.100387    -0.182605  5.42595e-06
   -0.136088     -0.21511     0.233917     -0.33906     0.332822 -1.21808e-05
    0.151968     0.240223   0.00154259     0.772911    -0.995552  3.28937e-05
-1.60886e-07  2.54578e-07  1.09983e-17      0.84534      0.53423  8.45858e-07
   -0.190204      0.30097  5.59296e-17     0.300066     0.189633            1
dot q: [0.220827, -0.04396, -0.343315, 0.387281, 1.3e-05, 0.018552]
STEP 38
Posizione end effector iniziale: -1.58828 -2.60925  6.49236
det = 45.4064

J inversa
    0.197084    -0.305841 -4.25495e-17    -0.304923    -0.196493 -3.93895e-07
  -0.0176484   -0.0289899    -0.235426    0.0982439    -0.179703   5.2172e-06
    -0.13101    -0.215233     0.234333    -0.341144        0.327  -1.1895e-05
    0.148653     0.244231   0.00109294     0.784584    -0.987879  3.22967e-05
-2.14005e-07    3.321e-07  5.60491e-18     0.840588     0.541676  1.08586e-06
   -0.197084     0.305841  2.03317e-18     0.304922     0.196492            1
dot q: [0.231595, -0.048874, -0.33393, 0.382809, 1.3e-05, 0.011604]
STEP 39
Posizione end effector iniziale: -1.51435 -2.59118  6.49249
det = 44.3405

J inversa
     0.20433    -0.310725 -4.28463e-17    -0.309793    -0.203717  -4.7676e-07
  -0.0192634    -0.032958    -0.235373    0.0960809    -0.176863  5.01224e-06
   -0.125884    -0.215406     0.234782    -0.343376     0.321083 -1.16107e-05
    0.145142     0.248371  0.000591131     0.796742    -0.979748  3.16973e-05
-2.62739e-07  3.99548e-07 -5.84304e-18     0.835534      0.54944  1.28586e-06
    -0.20433     0.310725 -5.43641e-17     0.309792     0.203716            1
dot q: [0.243027, -0.053545, -0.324483, 0.378031, 1.1e-05, 0.003783]
STEP 40
Posizione end effector iniziale: -1.44043  -2.5731  6.49262
det = 43.2872

J inversa
    0.211961    -0.315603  4.31473e-17    -0.314656    -0.211325 -5.32868e-07
  -0.0207197   -0.0370091      -0.2353     0.093901    -0.174088  4.82779e-06
   -0.120702    -0.215623     0.235261    -0.345754     0.315053 -1.13594e-05
    0.141417      0.25264  3.91901e-05     0.809396    -0.971113  3.11904e-05
-2.97987e-07  4.43693e-07 -1.40718e-17     0.830154     0.557536  1.40586e-06
   -0.211961     0.315603 -5.33366e-18     0.314655     0.211324            1
dot q: [0.255233, -0.057954, -0.31494, 0.372888, -3.8e-05, -0.004993]
STEP 41
Posizione end effector iniziale: -1.36652 -2.55502  6.49275
det = 42.2486

J inversa
    0.219997    -0.320452  4.34527e-17     -0.31949    -0.219337  -4.5181e-07
  -0.0220058    -0.041141    -0.235205    0.0917096    -0.171382  5.03271e-06
   -0.115458    -0.215883     0.235766    -0.348279     0.308894 -1.19579e-05
    0.137458     0.257032 -0.000560663     0.822559    -0.961924   3.3104e-05
-2.56486e-07  3.73601e-07 -2.86021e-18     0.824418     0.565982  1.16586e-06
   -0.219997     0.320452  5.12109e-17     0.319489     0.219337            1
dot q: [0.268187, -0.062066, -0.305324, 0.367395, 1.8e-05, -0.014803]
STEP 42
Posizione end effector iniziale: -1.29262 -2.53692  6.49289
det = 41.2262

J inversa
    0.228459    -0.325244            0    -0.324269    -0.227774 -5.41251e-07
  -0.0231093   -0.0453511    -0.235088    0.0895109    -0.168751    4.793e-06
   -0.110143    -0.216179     0.236293    -0.350947     0.302588 -1.15941e-05
    0.133247     0.261538  -0.00120581     0.836238     -0.95213  3.22599e-05
-3.12043e-07  4.44237e-07  8.60586e-18     0.818299     0.574793  1.36586e-06
   -0.228459     0.325244  3.34331e-18     0.324268     0.227773            1
dot q: [0.281966, -0.065883, -0.295571, 0.36146, 1.8e-05, -0.025587]
STEP 43
Posizione end effector iniziale: -1.21872 -2.51883  6.49303
det = 40.2221

J inversa
    0.237367    -0.329949   4.4077e-17     -0.32896    -0.236654 -6.50758e-07
  -0.0240172   -0.0496345    -0.234947    0.0873129    -0.166201  4.55703e-06
   -0.104752    -0.216508     0.236841    -0.353759     0.296116 -1.12409e-05
    0.128763      0.26615  -0.00189363      0.85044    -0.941674  3.14227e-05
-3.81177e-07  5.29852e-07   5.2807e-19     0.811765     0.583986  1.60586e-06
   -0.237367     0.329949  2.13994e-19     0.328958     0.236653            1
dot q: [0.296653, -0.069357, -0.285693, 0.355055, 1.3e-05, -0.0374]
STEP 44
Posizione end effector iniziale: -1.14483 -2.50071  6.49318
det = 39.238

J inversa
    0.246738     -0.33453 -4.43962e-17    -0.333526    -0.245998 -7.48407e-07
  -0.0247161    -0.053985    -0.234784    0.0851251    -0.163736  4.36328e-06
  -0.0992761    -0.216864     0.237405    -0.356713     0.289459 -1.09779e-05
    0.123986     0.270857  -0.00262093     0.865172    -0.930495  3.08335e-05
-4.45573e-07  6.04113e-07 -6.80573e-18     0.804778     0.593577  1.80586e-06
   -0.246738      0.33453  4.97484e-17     0.333525     0.245997            1
dot q: [0.312274, -0.072459, -0.275655, 0.348118, 1.3e-05, -0.050395]
STEP 45
Posizione end effector iniziale: -1.07094  -2.4826  6.49333
det = 38.2759

J inversa
    0.256591    -0.338943 -4.47202e-17    -0.337926    -0.255821 -8.33204e-07
  -0.0251918   -0.0583944    -0.234597    0.0829587    -0.161363  4.17419e-06
  -0.0937096    -0.217242     0.237981    -0.359805     0.282598 -1.07151e-05
    0.118895     0.275645  -0.00338417     0.880437     -0.91853  3.02397e-05
-5.04421e-07  6.66313e-07  9.85467e-18     0.797301     0.603583  1.96586e-06
   -0.256591     0.338943   5.7207e-17     0.337924      0.25582            1
dot q: [0.328875, -0.075171, -0.265476, 0.340651, 1.3e-05, -0.064472]
STEP 46
Posizione end effector iniziale: -0.99706 -2.46448  6.49349
det = 37.3375

J inversa
    0.266941     -0.34314 -4.50491e-17    -0.342111     -0.26614 -9.21432e-07
  -0.0254301   -0.0628525    -0.234388    0.0808264    -0.159088  3.98878e-06
  -0.0880456    -0.217636     0.238567    -0.363033     0.275512 -1.04567e-05
    0.113469     0.280497  -0.00417954     0.896233     -0.90571  2.96468e-05
-5.67478e-07  7.29467e-07  8.21545e-18     0.789292     0.614019  2.12586e-06
   -0.266941      0.34314  1.09274e-16     0.342109     0.266139            1
dot q: [0.34653, -0.077442, -0.255108, 0.332554, 1.3e-05, -0.079806]
STEP 47
Posizione end effector iniziale: -0.92318 -2.44634  6.49365
det = 36.4248

J inversa
    0.277801    -0.347065   4.5383e-17    -0.346024    -0.276968 -1.01314e-06
  -0.0254163   -0.0673467    -0.234156    0.0787442    -0.156915  3.80716e-06
  -0.0822778     -0.21804     0.239159    -0.366392      0.26818 -1.02028e-05
    0.107688     0.285394  -0.00500264     0.912555    -0.891964  2.90544e-05
-6.35014e-07  7.93341e-07 -1.65902e-17     0.780706       0.6249  2.28586e-06
   -0.277801     0.347065  4.54732e-17     0.346022     0.276966            1
dot q: [0.365244, -0.079268, -0.244543, 0.323812, 1.1e-05, -0.096282]
STEP 48
Posizione end effector iniziale: -0.849307   -2.4282   6.49381
det = 35.5396

J inversa
     0.28918    -0.350655            0    -0.349603    -0.288313 -1.05397e-06
  -0.0251364   -0.0718619    -0.233904    0.0767298    -0.154849   3.6476e-06
  -0.0764006    -0.218444     0.239753    -0.369875     0.260581 -9.97361e-06
    0.101531     0.290314  -0.00584891     0.929392    -0.877218  2.85449e-05
-6.72592e-07  8.15574e-07  4.68415e-18     0.771493     0.636239  2.32586e-06
    -0.28918     0.350655  2.12262e-18     0.349602     0.288311            1
dot q: [0.385135, -0.080592, -0.233766, 0.314348, -3.4e-05, -0.11408]
STEP 49
Posizione end effector iniziale: -0.775431  -2.41005   6.49399
det = 34.684

J inversa
    0.301082    -0.353839  4.60664e-17    -0.352777    -0.300179 -8.92068e-07
  -0.0245767   -0.0763796    -0.233634    0.0748048    -0.152895  3.80755e-06
  -0.0704079    -0.218842     0.240347    -0.373478     0.252692  -1.0477e-05
   0.0949774      0.29523   -0.0067131     0.946729     -0.86139  3.02483e-05
-5.79842e-07  6.81443e-07  5.28456e-18     0.761601     0.648048  1.92586e-06
   -0.301082     0.353839 -5.05472e-17     0.352776     0.300178            1
dot q: [0.406148, -0.08138, -0.222777, 0.304159, 1.6e-05, -0.133173]
STEP 50
Posizione end effector iniziale: -0.70156 -2.39189  6.49416
det = 33.8598

J inversa
    0.313505    -0.356536 -4.64161e-17    -0.355467    -0.312564 -9.49458e-07
   -0.023724    -0.080879    -0.233346    0.0729911    -0.151054   3.6176e-06
  -0.0642956    -0.219223     0.240935     -0.37719     0.244492 -1.01695e-05
   0.0880124      0.30011  -0.00758952     0.964541    -0.844403  2.94907e-05
-6.28846e-07  7.15161e-07  4.55955e-18     0.750972     0.660335  2.00586e-06
   -0.313505     0.356536  2.15822e-18     0.355465     0.312563            1
dot q: [0.428378, -0.081612, -0.21156, 0.293174, 1.6e-05, -0.153522]
STEP 51
Posizione end effector iniziale: -0.627689  -2.37372   6.49435
det = 33.0691

J inversa
    0.326438    -0.358661 -4.67714e-17    -0.357585    -0.325459 -1.00855e-06
   -0.022567   -0.0853358    -0.233043    0.0713156    -0.149326  3.43331e-06
  -0.0580593    -0.219578     0.241515       -0.381     0.235958 -9.86623e-06
   0.0806191     0.304921  -0.00847213     0.982797    -0.826171  2.87318e-05
-6.80904e-07  7.48116e-07  1.34706e-17     0.739548     0.673105  2.08586e-06
   -0.326438     0.358661  6.51324e-18     0.357584     0.325458            1
dot q: [0.451829, -0.081242, -0.200088, 0.281333, 1.5e-05, -0.175259]
STEP 52
Posizione end effector iniziale: -0.553819  -2.35554   6.49453
det = 32.3139

J inversa
    0.339863    -0.360116 -4.71323e-17    -0.359036    -0.338843 -1.08899e-06
  -0.0210961   -0.0897218    -0.232729    0.0698075    -0.147711  3.25899e-06
  -0.0516959    -0.219894     0.242084    -0.384896     0.227067 -9.58931e-06
   0.0727846     0.309624  -0.00935431      1.00146    -0.806611  2.80292e-05
-7.49689e-07  7.94365e-07   1.8924e-18     0.727263     0.686361  2.20586e-06
   -0.339863     0.360116  1.45351e-18     0.359034     0.338842            1
dot q: [0.476502, -0.080241, -0.188355, 0.268595, 1.4e-05, -0.19826]
STEP 53
Posizione end effector iniziale: -0.479948  -2.33736   6.49473
det = 31.5963

J inversa
    0.353748    -0.360798            0    -0.359716    -0.352687 -1.09109e-06
  -0.0193042   -0.0940056    -0.232407    0.0684988    -0.146202  3.10477e-06
  -0.0452033    -0.220161     0.242636    -0.388863     0.217798 -9.31348e-06
      0.0645     0.314174    -0.010229      1.02047    -0.785637  2.73476e-05
-7.66168e-07  7.81437e-07 -1.48641e-17     0.714049     0.700097  2.16586e-06
   -0.353748     0.360798 -7.48805e-18     0.359714     0.352685            1
dot q: [0.502378, -0.078601, -0.176359, 0.25496, 1.4e-05, -0.222648]
STEP 54
Posizione end effector iniziale: -0.406076  -2.31917   6.49493
det = 30.9184

J inversa
    0.368051    -0.360597            0    -0.359515    -0.366947 -1.11263e-06
  -0.0171873   -0.0981526     -0.23208    0.0674231    -0.144792  2.95454e-06
  -0.0385806    -0.220364      0.24317    -0.392881      0.20813 -9.04613e-06
   0.0557604     0.318524   -0.0110891      1.03977    -0.763167  2.66704e-05
-7.97145e-07  7.81001e-07  1.11521e-17     0.699838     0.714304  2.16586e-06
   -0.368051     0.360597   6.3445e-18     0.359514     0.366945            1
dot q: [0.529428, -0.076278, -0.16409, 0.240368, 1.4e-05, -0.248235]
STEP 55
Posizione end effector iniziale: -0.332197  -2.30097   6.49513
det = 30.2822

J inversa
    0.382712    -0.359397 -4.82502e-17    -0.358319    -0.381564 -1.13368e-06
  -0.0147453    -0.102125    -0.231753    0.0666165    -0.143467  2.81046e-06
  -0.0318288    -0.220489      0.24368    -0.396931     0.198041 -8.78218e-06
   0.0465665     0.322621   -0.0119266      1.05928    -0.739121  2.59906e-05
  -8.289e-07  7.78404e-07  3.16149e-18     0.684555     0.728963  2.16586e-06
   -0.382712     0.359397  5.44385e-17     0.358318     0.381562            1
dot q: [0.557603, -0.073261, -0.151519, 0.224761, -3.5e-05, -0.275004]
STEP 56
Posizione end effector iniziale: -0.258316  -2.28277   6.49534
det = 29.6899

J inversa
    0.397657    -0.357081 -4.86349e-17    -0.356009    -0.396464 -7.49107e-07
  -0.0119828    -0.105881     -0.23143    0.0661176     -0.14221  3.00213e-06
  -0.0249502    -0.220522     0.244163    -0.400988     0.187514 -9.25431e-06
   0.0369245      0.32641   -0.0127337      1.07893    -0.713422   2.7671e-05
-5.59049e-07  5.02004e-07 -7.74423e-18     0.668127     0.744048  1.40586e-06
   -0.397657     0.357081  5.00887e-17     0.356008     0.396463            1
dot q: [0.586745, -0.069548, -0.138712, 0.208262, 1.5e-05, -0.302948]
STEP 57
Posizione end effector iniziale: -0.184434  -2.26457   6.49555
det = 29.1435

J inversa
    0.412793     -0.35353            0     -0.35247    -0.411555 -8.05127e-07
 -0.00890938     -0.10938    -0.231115    0.0659616    -0.140998  2.85707e-06
  -0.0179497    -0.220446     0.244617    -0.405023     0.176533 -8.98726e-06
   0.0268504     0.329833   -0.0135022      1.09859    -0.686008   2.6949e-05
-6.13352e-07  5.25296e-07  -9.8818e-18     0.650482     0.759523  1.48586e-06
   -0.412793      0.35353 -5.89209e-17     0.352469     0.411554            1
dot q: [0.616784, -0.065132, -0.125615, 0.190746, 1.4e-05, -0.331752]
STEP 58
Posizione end effector iniziale: -0.110535  -2.24636   6.49576
det = 28.6451

J inversa
    0.428009    -0.348632  4.94231e-17    -0.347587    -0.426725 -7.95762e-07
 -0.00554069    -0.112575    -0.230813    0.0661863    -0.139804  2.73204e-06
  -0.0108337    -0.220247     0.245037    -0.409005     0.165085   -8.725e-06
   0.0163658     0.332829    -0.014224      1.11816     -0.65682  2.62518e-05
-6.18841e-07  5.04073e-07 -6.72497e-19     0.631547     0.775338  1.44586e-06
   -0.428009     0.348632  1.20905e-18     0.347586     0.426724            1
dot q: [0.647569, -0.060033, -0.112227, 0.172262, 1.4e-05, -0.361388]
STEP 59
Posizione end effector iniziale: -0.0366278   -2.22816    6.49597
det = 28.1967

J inversa
    0.443175     -0.34228            0    -0.341253    -0.441845 -8.51861e-07
 -0.00189865    -0.115423    -0.230529    0.0668269    -0.138592   2.6056e-06
 -0.00361132    -0.219908      0.24542    -0.412902     0.153161 -8.48163e-06
  0.00550125     0.335338   -0.0148908      1.13752    -0.625813  2.55749e-05
-6.76221e-07   5.2227e-07  6.86452e-18     0.611254     0.791435  1.52586e-06
   -0.443175      0.34228 -5.06619e-17     0.341252     0.441844            1
dot q: [0.678831, -0.054275, -0.098599, 0.152872, 1.4e-05, -0.391558]
STEP 60
Posizione end effector iniziale: 0.0372927  -2.20995   6.49618
det = 27.8001

J inversa
    0.458141    -0.334381 -1.00475e-16    -0.333378    -0.456766 -8.17615e-07
  0.00198802    -0.117881    -0.230268    0.0679138    -0.137324  2.49684e-06
  0.00370615    -0.219414     0.245764    -0.416675     0.140754 -8.22038e-06
 -0.00570294     0.337301   -0.0154951      1.15651    -0.592963  2.48624e-05
-6.62406e-07  4.83468e-07  7.00759e-19     0.589542     0.807739  1.44586e-06
   -0.458141     0.334381  1.08677e-16     0.333377     0.456765            1
dot q: [0.710353, -0.047887, -0.08472, 0.132604, 1.3e-05, -0.422088]
STEP 61
Posizione end effector iniziale:  0.11123 -2.19175  6.49639
det = 27.4572

J inversa
    0.472742    -0.324863 -1.01309e-16    -0.323888    -0.471323 -7.58234e-07
  0.00608389    -0.119906    -0.230035     0.069473    -0.135952  2.40327e-06
   0.0111048    -0.218751     0.246064    -0.420285     0.127866 -7.97345e-06
  -0.0171975     0.338663   -0.0160292      1.17498     -0.55826   2.4189e-05
-6.26788e-07  4.30722e-07 -1.07227e-17     0.566355     0.824162  1.32586e-06
   -0.472742     0.324863  -6.1321e-18     0.323888     0.471322            1
dot q: [0.741886, -0.04092, -0.070614, 0.111534, 1e-05, -0.452654]
STEP 62
Posizione end effector iniziale: 0.185182 -2.17357   6.4966
det = 27.1695

J inversa
    0.486798    -0.313674            0    -0.312733    -0.485338 -7.65509e-07
   0.0103473    -0.121462    -0.229833    0.0715234    -0.134428  2.32348e-06
   0.0185688    -0.217907     0.246319    -0.423691     0.114502 -7.79533e-06
   -0.028925     0.339374   -0.0164863      1.19278    -0.521717  2.36907e-05
-6.45425e-07  4.15887e-07 -5.83279e-18     0.541652     0.840604  1.32586e-06
   -0.486798     0.313674   5.0411e-17     0.312732     0.485337            1
dot q: [0.77306, -0.033448, -0.05632, 0.089743, -3.2e-05, -0.48302]
STEP 63
Posizione end effector iniziale: 0.259164 -2.15538   6.4968
det = 26.9385

J inversa
    0.500123    -0.300795            0    -0.299892    -0.498623 -1.89603e-07
   0.0147303    -0.122516    -0.229667    0.0740752    -0.132698  2.54673e-06
   0.0260804     -0.21687     0.246527    -0.426849     0.100673 -8.18774e-06
  -0.0408204     0.339392   -0.0168603      1.20973    -0.483369  2.51398e-05
-1.62969e-07  9.80162e-08   -5.203e-18     0.515404     0.856948  3.25857e-07
   -0.500123     0.300795 -5.72994e-17     0.299892     0.498623            1
dot q: [0.80347, -0.025555, -0.041869, 0.067422, 1.4e-05, -0.512522]
STEP 64
Posizione end effector iniziale: 0.33317 -2.1372 6.49699
det = 26.7654

J inversa
    0.512523     -0.28624            0    -0.285382    -0.510986 -1.43895e-07
   0.0191805    -0.123046    -0.229539    0.0771265    -0.130707  2.46349e-06
   0.0336188    -0.215633     0.246685    -0.429715     0.086401 -7.93612e-06
   -0.052809     0.338685   -0.0171463      1.22566    -0.443285  2.44115e-05
-1.26008e-07  7.03743e-08  3.02906e-18     0.487601     0.873067  2.45857e-07
   -0.512523      0.28624  2.24874e-18     0.285381     0.510986            1
dot q: [0.832863, -0.017315, -0.027269, 0.044583, 1.4e-05, -0.541159]
STEP 65
Posizione end effector iniziale: 0.407202 -2.11904  6.49718
det = 26.6511

J inversa
    0.523808    -0.270059            0    -0.269249    -0.522236 -1.20953e-07
   0.0236418    -0.123035    -0.229452    0.0806669    -0.128398  2.38323e-06
   0.0411635    -0.214191     0.246792    -0.432247    0.0717092 -7.69258e-06
  -0.0648149     0.337231   -0.0173399      1.24041    -0.401551  2.36882e-05
 -1.0783e-07  5.55937e-08 -8.48025e-18      0.45825     0.888823  2.05857e-07
   -0.523808     0.270059 -5.46392e-18     0.269249     0.522236            1
dot q: [0.860747, -0.008845, -0.012598, 0.021442, 1.7e-05, -0.568254]
STEP 66
Posizione end effector iniziale: 0.481269 -2.10089  6.49735
det = 26.5963

J inversa
    0.533796    -0.252342  2.64227e-17    -0.251585    -0.532195 -9.76344e-08
   0.0280557    -0.122476    -0.229409    0.0846724    -0.125719  2.29295e-06
   0.0486924    -0.212542     0.246847    -0.434404    0.0566314 -7.40157e-06
  -0.0767575     0.335023   -0.0174386      1.25381    -0.358285  2.28074e-05
 -8.8534e-08  4.18528e-08  1.56831e-18     0.427382     0.904071  1.65857e-07
   -0.533796     0.252342 -2.59983e-17     0.251585     0.532195            1
dot q: [0.886819, -0.000246, 0.002138, -0.001895, 1.4e-05, -0.593684]
STEP 67
Posizione end effector iniziale:  0.55537 -2.08274  6.49751
det = 26.6013

J inversa
    0.542323    -0.233215  2.66529e-17    -0.232515    -0.540696 -2.69903e-08
   0.0323637    -0.121374    -0.229409     0.089108    -0.122619  2.22965e-06
   0.0561837    -0.210687      0.24685    -0.436148    0.0412065  -7.1522e-06
  -0.0885568     0.332066   -0.0174407       1.2657    -0.313628  2.20614e-05
-2.48695e-08  1.06946e-08  1.25676e-24      0.39505      0.91866  4.58574e-08
   -0.542323     0.233215  2.74059e-17     0.232515     0.540696            1
dot q: [0.910664, 0.008374, 0.016876, -0.025253, 1.4e-05, -0.616877]
STEP 68
Posizione end effector iniziale: 0.629503 -2.06461  6.49765
det = 26.6663

J inversa
    0.549247    -0.212841  8.06608e-17    -0.212202    -0.547599  4.35423e-08
   0.0365087    -0.119743    -0.229454     0.093927    -0.119056  2.17091e-06
   0.0636158    -0.208633       0.2468    -0.437444    0.0254804   -6.905e-06
   -0.100134      0.32838   -0.0173461      1.27596    -0.267747  2.13129e-05
 4.07226e-08 -1.57806e-08  5.66132e-18     0.361332     0.932437 -7.41426e-08
   -0.549247     0.212841 -2.40755e-17     0.212202       0.5476            1
dot q: [0.931933, 0.016868, 0.031576, -0.048447, 1.3e-05, -0.637458]
STEP 69
Posizione end effector iniziale: 0.703673  -2.0465  6.49778
det = 26.7909

J inversa
    0.554456    -0.191415  -2.7125e-17     -0.19084    -0.552793  1.13536e-07
    0.040437    -0.117607    -0.229541     0.099072    -0.114994  2.12133e-06
   0.0709682    -0.206388     0.246698    -0.438263   0.00950439 -6.67648e-06
   -0.111414     0.323998   -0.0171562      1.28445    -0.220832   2.0614e-05
 1.07644e-07 -3.71618e-08  6.55902e-18      0.32633     0.945256 -1.94143e-07
   -0.554456     0.191415  3.07485e-17     0.190841     0.552793            1
dot q: [0.950416, 0.025156, 0.046215, -0.071407, -2.6e-05, -0.655395]
STEP 70
Posizione end effector iniziale: 0.777877 -2.02839  6.49789
det = 26.9747

J inversa
    0.557871    -0.169154 -2.73671e-17    -0.168646    -0.556197  9.49769e-07
   0.0440997    -0.114997     -0.22967     0.104479    -0.110407  2.38051e-06
   0.0782225    -0.203964     0.246544    -0.438582   -0.0066673 -6.92512e-06
   -0.122332     0.318964   -0.0168736      1.29108    -0.173084  2.16434e-05
 9.11641e-07 -2.76422e-07 -2.07515e-18     0.290167     0.956975 -1.63414e-06
   -0.557871     0.169154  2.56975e-17     0.168647     0.556199     0.999999
dot q: [0.965754, 0.033127, 0.060696, -0.093822, 1.3e-05, -0.670212]
STEP 71
Posizione end effector iniziale: 0.852114 -2.01029  6.49798
det = 27.2166

J inversa
     0.55945    -0.146296 -2.76134e-17    -0.145857    -0.557772  9.19067e-07
   0.0474545    -0.111956    -0.229838     0.110075    -0.105281  2.32511e-06
   0.0853613    -0.201375      0.24634    -0.438384   -0.0229739 -6.72285e-06
   -0.132825     0.313334   -0.0165021      1.29578    -0.124728  2.09765e-05
 8.91844e-07 -2.33216e-07 -1.67833e-18     0.252992     0.967467 -1.59414e-06
    -0.55945     0.146296  2.59236e-17     0.145857     0.557773     0.999999
dot q: [0.97789, 0.040671, 0.075031, -0.115702, 1.3e-05, -0.681813]
STEP 72
Posizione end effector iniziale: 0.926386 -1.99221  6.49806
det = 27.5155

J inversa
     0.55919    -0.123084            0    -0.122715    -0.557512  9.10029e-07
   0.0504661    -0.108531    -0.230042     0.115786   -0.0996138   2.2752e-06
    0.092371    -0.198638     0.246089    -0.437658   -0.0393559 -6.51685e-06
   -0.142846     0.307171   -0.0160469       1.2985   -0.0759866  2.03005e-05
 8.91429e-07 -1.96213e-07  5.08248e-18     0.214965     0.976621 -1.59414e-06
    -0.55919     0.123084  1.63394e-17     0.122715     0.557514     0.999999
dot q: [0.986663, 0.047718, 0.089173, -0.136892, 1.3e-05, -0.69008]
STEP 73
Posizione end effector iniziale:  1.00068 -1.97413  6.49811
det = 27.8701

J inversa
    0.557122   -0.0997626            0   -0.0994633     -0.55545  9.22123e-07
   0.0531067     -0.10477    -0.230277     0.121537   -0.0934118  2.23007e-06
   0.0992398    -0.195772     0.245791    -0.436402   -0.0557517 -6.30692e-06
   -0.152355     0.300543   -0.0155139      1.29921   -0.0270919  1.96157e-05
 9.10417e-07 -1.63026e-07  2.56132e-18     0.176264     0.984342 -1.63414e-06
   -0.557122    0.0997626  1.48742e-17    0.0994636     0.555452     0.999999
dot q: [0.99205, 0.054178, 0.103106, -0.157284, 1.3e-05, -0.69502]
STEP 74
Posizione end effector iniziale:  1.07501 -1.95606  6.49815
det = 28.2788

J inversa
    0.553312   -0.0765679  1.41896e-17   -0.0763382    -0.551652  9.10069e-07
   0.0553568    -0.100728     -0.23054     0.127254   -0.0866937  2.18346e-06
    0.105959    -0.192795      0.24545    -0.434621   -0.0721008 -6.10337e-06
   -0.161324     0.293524     -0.01491      1.29793    0.0217279  1.89387e-05
 9.04191e-07 -1.25123e-07  5.79944e-18     0.137075      0.99056 -1.63414e-06
   -0.553312    0.0765679 -1.01885e-17    0.0763385     0.551654     0.999999
dot q: [0.994123, 0.060008, 0.116785, -0.176792, 1.3e-05, -0.696694]
STEP 75
Posizione end effector iniziale:  1.14935 -1.93799  6.49817
det = 28.7398

J inversa
    0.547857   -0.0537204            0   -0.0535592    -0.546214  8.74919e-07
   0.0572045   -0.0964581    -0.230825     0.132866   -0.0794876  2.13512e-06
    0.112523    -0.189727     0.245068    -0.432325    -0.088345 -5.90586e-06
   -0.169735     0.286186   -0.0142429      1.29469    0.0702532  1.82696e-05
 8.73363e-07 -8.56379e-08  1.94226e-18    0.0975872     0.995226 -1.59414e-06
   -0.547857    0.0537204 -5.73602e-18    0.0535593     0.546216     0.999999
dot q: [0.992953, 0.065164, 0.130202, -0.195365, 1.2e-05, -0.695116]
STEP 76
Posizione end effector iniziale:  1.22371 -1.91993  6.49817
det = 29.2511

J inversa
    0.540878   -0.0314196            0   -0.0313253    -0.539255  8.39493e-07
   0.0586451   -0.0920129    -0.231128     0.138311   -0.0718294  2.09307e-06
    0.118928    -0.186587     0.244649    -0.429532    -0.104429 -5.72576e-06
    -0.17758       0.2786   -0.0135205      1.28954     0.118274  1.76515e-05
 8.40602e-07 -4.88305e-08  7.57664e-19    0.0579922     0.998316 -1.55414e-06
   -0.540878    0.0314196  4.09264e-19    0.0313254     0.539257     0.999999
dot q: [0.988697, 0.069612, 0.143361, -0.21301, -1.9e-05, -0.690423]
STEP 77
Posizione end effector iniziale:  1.29807 -1.90187  6.49816
det = 29.8107

J inversa
    0.532513  -0.00984029  1.82423e-18  -0.00981077    -0.530915  1.61115e-06
   0.0596801   -0.0874426    -0.231445     0.143532    -0.063761  2.32366e-06
    0.125173    -0.183393     0.244196    -0.426265    -0.120303 -5.87692e-06
   -0.184861     0.270836    -0.012751      1.28256     0.165596  1.83321e-05
 1.61572e-06 -2.98568e-08  1.35502e-19    0.0184758     0.999828 -3.03414e-06
   -0.532513   0.00984029  4.98334e-20   0.00981083     0.530918     0.999998
dot q: [0.981567, 0.073356, 0.156186, -0.229537, 1.1e-05, -0.682961]
STEP 78
Posizione end effector iniziale:  1.37244 -1.88382  6.49813
det = 30.4165

J inversa
    0.522915    0.0108708 -1.84171e-18    0.0108382    -0.521347  1.47789e-06
   0.0603177   -0.0827944    -0.231769     0.148479   -0.0553307  2.27759e-06
    0.131259    -0.180163     0.243712    -0.422551    -0.135919 -5.73785e-06
   -0.191584     0.262958   -0.0119428      1.27386     0.212041  1.77991e-05
 1.48202e-06  3.08094e-08 -2.70996e-19   -0.0207843     0.999783 -2.83414e-06
   -0.522915   -0.0108708  1.50834e-18   -0.0108382      0.52135     0.999999
dot q: [0.971781, 0.076357, 0.168758, -0.245111, 1.2e-05, -0.672871]
STEP 79
Posizione end effector iniziale:   1.4468 -1.86578   6.4981
det = 31.0663

J inversa
    0.512245    0.0305953  7.43809e-18    0.0305036    -0.510709  1.36814e-06
   0.0605695   -0.0781111    -0.232097     0.153113    -0.046588  2.22847e-06
    0.137189    -0.176914     0.243202    -0.418424    -0.151238 -5.57651e-06
   -0.197766     0.255024   -0.0111044      1.26353     0.257455  1.72068e-05
 1.36982e-06  8.18163e-08  1.40699e-18   -0.0596216      0.99822 -2.67414e-06
   -0.512245   -0.0305953 -1.27035e-17   -0.0305037     0.510711     0.999999
dot q: [0.959645, 0.078663, 0.181041, -0.259698, 1.1e-05, -0.660393]
STEP 80
Posizione end effector iniziale:  1.52116 -1.84773  6.49804
det = 31.7579

J inversa
    0.500663    0.0492443  7.51072e-18    0.0490966    -0.499161  1.22089e-06
   0.0604512   -0.0734307    -0.232424     0.157404   -0.0375839  2.18122e-06
    0.142969    -0.173659     0.242668    -0.413916    -0.166226 -5.44188e-06
   -0.203427     0.247089   -0.0102439      1.25171     0.301702  1.66795e-05
 1.21869e-06  1.19868e-07 -5.39481e-19   -0.0978857     0.995196 -2.43414e-06
   -0.500663   -0.0492443 -6.86383e-18   -0.0490968     0.499163     0.999999
dot q: [0.945389, 0.080265, 0.193033, -0.273292, 1e-05, -0.645865]
STEP 81
Posizione end effector iniziale:  1.59551 -1.82969  6.49798
det = 32.4892

J inversa
    0.488329    0.0667548  1.51695e-17    0.0665545    -0.486864  1.07818e-06
   0.0599814   -0.0687869    -0.232747      0.16133   -0.0283696  2.14056e-06
    0.148603    -0.170411     0.242116    -0.409065    -0.180854 -5.32377e-06
    -0.20859     0.239197  -0.00936916      1.23852     0.344671   1.6202e-05
 1.07146e-06  1.46469e-07 -4.51168e-18    -0.135441     0.990784 -2.19414e-06
   -0.488329   -0.0667548 -2.21702e-18   -0.0665548     0.486866     0.999999
dot q: [0.92929, 0.081193, 0.204741, -0.28593, 1.1e-05, -0.62944]
STEP 82
Posizione end effector iniziale:  1.66983 -1.81166  6.49791
det = 33.2579

J inversa
    0.475395    0.0830885 -1.53205e-17    0.0828392    -0.473969  9.78736e-07
   0.0591806   -0.0642084     -0.23306     0.164875    -0.018995  2.09763e-06
    0.154098    -0.167183     0.241548    -0.403908    -0.195101 -5.17787e-06
   -0.213284     0.231391  -0.00848786       1.2241     0.386269   1.5659e-05
 9.67022e-07  1.69014e-07  -2.1361e-18    -0.172168     0.985067 -2.03414e-06
   -0.475395   -0.0830885  3.90802e-17   -0.0828396     0.473971     0.999999
dot q: [0.911684, 0.081484, 0.216216, -0.297738, -1.3e-05, -0.611582]
STEP 83
Posizione end effector iniziale:  1.74414 -1.79364  6.49784
det = 34.062

J inversa
    0.462006    0.0982303            0    0.0979356     -0.46062   1.6737e-06
   0.0580698   -0.0597191    -0.233361     0.168034  -0.00950632  2.28428e-06
    0.159462    -0.163985     0.240968    -0.398485     -0.20895  -5.2429e-06
   -0.217538     0.223703  -0.00760706      1.20858     0.426431  1.60574e-05
 1.64203e-06  3.49124e-07 -1.69679e-18    -0.207968     0.978134 -3.55414e-06
   -0.462006   -0.0982303 -9.04623e-19   -0.0979363     0.460623     0.999998
dot q: [0.892743, 0.081157, 0.227381, -0.30853, 8e-06, -0.592414]
STEP 84
Posizione end effector iniziale:  1.81843 -1.77562  6.49776
det = 34.8992

J inversa
    0.448295     0.112183 -1.22108e-16     0.111846     -0.44695  1.49007e-06
    0.056672   -0.0553392    -0.233647     0.170805  5.05337e-05   2.2515e-06
    0.164704    -0.160824     0.240381    -0.392831    -0.222392 -5.17034e-06
   -0.221382     0.216162  -0.00673352      1.19211     0.465104  1.56976e-05
 1.44985e-06  3.62815e-07  1.26213e-18    -0.242757     0.970086 -3.23414e-06
   -0.448295    -0.112183 -1.66064e-19    -0.111847     0.446954     0.999999
dot q: [0.872806, 0.080261, 0.23834, -0.318593, 9e-06, -0.572201]
STEP 85
Posizione end effector iniziale:  1.89269 -1.75761  6.49767
det = 35.7676

J inversa
    0.434384     0.124965            0      0.12459    -0.433081  1.31325e-06
   0.0550086    -0.051084    -0.233916     0.173193    0.0096362  2.21266e-06
    0.169831    -0.157708     0.239789    -0.386986     -0.23542 -5.07936e-06
   -0.224845     0.208791  -0.00587338      1.17481      0.50226  1.52855e-05
 1.26586e-06  3.64166e-07  3.33421e-18     -0.27647     0.961021 -2.91414e-06
   -0.434384    -0.124965  8.50484e-19    -0.124591     0.433083     0.999999
dot q: [0.85206, 0.078818, 0.249052, -0.327862, 8e-06, -0.55128]
STEP 86
Posizione end effector iniziale:  1.96692 -1.73962  6.49758
det = 36.665

J inversa
     0.42038     0.136609            0       0.1362    -0.419118  1.14322e-06
   0.0531017   -0.0469661    -0.234165     0.175208    0.0192139  2.18094e-06
    0.174852    -0.154643     0.239198    -0.380983    -0.248035 -5.00476e-06
   -0.227959     0.201608  -0.00503244      1.15682     0.537883  1.49226e-05
 1.09052e-06  3.54384e-07 -4.94939e-18    -0.309057     0.951042 -2.59414e-06
    -0.42038    -0.136609 -2.18118e-18      -0.1362     0.419121     0.999999
dot q: [0.830715, 0.076873, 0.259551, -0.336416, 1e-05, -0.529711]
STEP 87
Posizione end effector iniziale:  2.04113 -1.72162   6.4975
det = 37.5894

J inversa
    0.406378     0.147157            0     0.146716    -0.405159   9.7994e-07
    0.050972   -0.0429943    -0.234393     0.176862    0.0287512  2.13544e-06
    0.179777    -0.151634     0.238609    -0.374858    -0.260239 -4.89376e-06
   -0.230754     0.194627   -0.0042159      1.13824     0.571975  1.44571e-05
 9.24162e-07  3.34657e-07  4.68958e-18    -0.340482      0.94025 -2.27414e-06
   -0.406378    -0.147157 -1.03709e-16    -0.146717     0.405161     0.999999
dot q: [0.808999, 0.074467, 0.269867, -0.344326, 9e-06, -0.507757]
STEP 88
Posizione end effector iniziale:  2.11531 -1.70365  6.49741
det = 38.5389

J inversa
    0.392462     0.156659 -2.09941e-16     0.156189    -0.391284  8.23291e-07
   0.0486394   -0.0391748    -0.234599     0.178171    0.0382203  2.09667e-06
    0.184614    -0.148684     0.238028    -0.368641    -0.272041 -4.79898e-06
   -0.233258     0.187857  -0.00342847      1.11921     0.604551  1.40411e-05
 7.66926e-07  3.06133e-07 -7.65298e-18    -0.370725     0.928742 -1.95414e-06
   -0.392462    -0.156659  1.02291e-16    -0.156189     0.391286     0.999999
dot q: [0.787058, 0.07163, 0.279975, -0.351596, 9e-06, -0.485714]
STEP 89
Posizione end effector iniziale:  2.18946 -1.68569  6.49731
det = 39.5115

J inversa
    0.378701     0.165168 -1.01415e-16     0.164673    -0.377564  6.56648e-07
   0.0461229   -0.0355114    -0.234783     0.179154    0.0475969  2.05641e-06
    0.189372    -0.145797     0.237457    -0.362362    -0.283451  -4.7074e-06
   -0.235499     0.181307  -0.00267443      1.09982     0.635634  1.36298e-05
 6.03703e-07  2.63302e-07 -1.18261e-17    -0.399776     0.916612 -1.59414e-06
   -0.378701    -0.165168 -4.87136e-18    -0.164673     0.377566     0.999999
dot q: [0.765039, 0.068374, 0.289955, -0.358369, -9e-06, -0.463462]
STEP 90
Posizione end effector iniziale:  2.26358 -1.66773  6.49723
det = 40.5054

J inversa
    0.365154     0.172744            0     0.172226    -0.364058  1.28641e-06
   0.0434398    -0.032006    -0.234943     0.179829    0.0568614  2.20037e-06
    0.194059    -0.142974     0.236901    -0.356049    -0.294483 -4.71338e-06
   -0.237503     0.174978  -0.00195786      1.08017      0.66526  1.38518e-05
 1.16635e-06  5.51769e-07 -7.84053e-19    -0.427634     0.903951 -3.19414e-06
   -0.365154    -0.172744  -2.0709e-19    -0.172227     0.364061     0.999999
dot q: [0.743083, 0.064779, 0.299743, -0.36451, 5e-06, -0.441337]
STEP 91
Posizione end effector iniziale:  2.33768 -1.64979  6.49714
det = 41.5185

J inversa
     0.35187     0.179446  -1.8997e-16     0.178908    -0.350815  1.06883e-06
   0.0406066   -0.0286586    -0.235079     0.180218    0.0659964  2.18491e-06
    0.198686    -0.140218     0.236361    -0.349726    -0.305151 -4.70794e-06
   -0.239296     0.168875  -0.00128194      1.06035     0.693468  1.36618e-05
 9.55026e-07  4.87042e-07  4.29776e-18    -0.454309     0.890843 -2.71414e-06
    -0.35187    -0.179446  1.06658e-16    -0.178909     0.350817     0.999999
dot q: [0.721287, 0.060836, 0.309402, -0.370227, 3e-06, -0.41943]
STEP 92
Posizione end effector iniziale:  2.41175 -1.63186  6.49705
det = 42.549

J inversa
     0.33889     0.185334            0     0.184778    -0.337873  8.75769e-07
   0.0376381    -0.025468    -0.235193      0.18034    0.0749891  2.18707e-06
    0.203259    -0.137529     0.235843    -0.343416    -0.315474 -4.73319e-06
   -0.240901     0.162995 -0.000649885      1.04044     0.720308  1.35649e-05
 7.70684e-07  4.21476e-07 -1.65039e-17    -0.479819     0.877366 -2.27414e-06
    -0.33889    -0.185334 -5.87234e-17    -0.184779     0.337875     0.999999
dot q: [0.699773, 0.056586, 0.318955, -0.375532, 6e-06, -0.397749]
STEP 93
Posizione end effector iniziale:  2.48579 -1.61394  6.49698
det = 43.5951

J inversa
    0.326242     0.190468  4.46627e-17     0.189896    -0.325264  7.20941e-07
   0.0345479   -0.0224317    -0.235285     0.180216    0.0838298  2.16847e-06
    0.207788    -0.134908     0.235349    -0.337139    -0.325471  -4.6944e-06
   -0.242339     0.157337 -6.44349e-05      1.02052     0.745831  1.33047e-05
 6.24474e-07  3.64583e-07 -6.87896e-18    -0.504186     0.863594 -1.91414e-06
   -0.326242    -0.190468 -2.58732e-18    -0.189897     0.325265     0.999999
dot q: [0.678582, 0.052064, 0.328398, -0.380452, 5e-06, -0.376416]
STEP 94
Posizione end effector iniziale:  2.55981 -1.59604   6.4969
det = 44.6548

J inversa
    0.313952     0.194905  8.67425e-17     0.194321     -0.31301  5.57845e-07
   0.0313481   -0.0195463    -0.235355     0.179868    0.0925114  2.15742e-06
    0.212281    -0.132355     0.234883    -0.330913    -0.335161 -4.67736e-06
   -0.243633     0.151899  0.000472063      1.00064     0.770092  1.30988e-05
 4.75367e-07  2.95115e-07  2.18308e-17    -0.527439     0.849593 -1.51414e-06
   -0.313952    -0.194905   8.0168e-18    -0.194321     0.313011     0.999999
dot q: [0.657796, 0.047266, 0.337751, -0.385008, 7e-06, -0.355505]
STEP 95
Posizione end effector iniziale:  2.63382 -1.57814  6.49682
det = 45.7263

J inversa
    0.302035     0.198703  4.21527e-17     0.198107    -0.301129  4.16012e-07
   0.0280498   -0.0168078    -0.235405     0.179315     0.101029  2.13099e-06
    0.216747     -0.12987     0.234448    -0.324755    -0.344567 -4.61828e-06
     -0.2448     0.146676  0.000957246     0.980861     0.793149  1.27861e-05
 3.48591e-07  2.29331e-07  9.19353e-18    -0.549608     0.835422 -1.15414e-06
   -0.302035    -0.198703  3.31383e-18    -0.198107      0.30113            1
dot q: [0.637475, 0.042242, 0.347042, -0.389274, 7e-06, -0.335081]
STEP 96
Posizione end effector iniziale:  2.70779 -1.56025  6.49675
det = 46.8076

J inversa
    0.290504     0.201914   4.1001e-17     0.201308    -0.289632  2.66001e-07
   0.0246627   -0.0142116    -0.235437     0.178576     0.109381  2.10369e-06
    0.221195    -0.127452     0.234048    -0.318678     -0.35371 -4.56236e-06
    -0.24586     0.141662   0.00138928     0.961238     0.815061  1.24775e-05
 2.19081e-07  1.52272e-07  -7.6564e-18    -0.570729     0.821138 -7.54142e-07
   -0.290504    -0.201914  -2.7777e-18    -0.201308     0.289633            1
dot q: [0.617635, 0.036992, 0.356303, -0.393334, -2e-06, -0.315112]
STEP 97
Posizione end effector iniziale:  2.78176 -1.54238  6.49669
det = 47.8969

J inversa
    0.279364     0.204588 -3.99109e-17     0.203974    -0.278526  7.98907e-07
   0.0211951   -0.0117526    -0.235451     0.177671     0.117568  2.17252e-06
    0.225631    -0.125103     0.233685    -0.312695    -0.362613 -4.46189e-06
   -0.246829     0.136853   0.00176631      0.94181     0.835888  1.23882e-05
 6.46488e-07  4.73446e-07  1.61822e-17    -0.590839     0.806788 -2.31414e-06
   -0.279364    -0.204588  5.74751e-17    -0.203976     0.278528     0.999999
dot q: [0.598316, 0.03156, 0.365455, -0.397003, 0, -0.295691]
STEP 98
Posizione end effector iniziale:   2.8557 -1.52451  6.49663
det = 48.992

J inversa
     0.26862     0.206775            0     0.206154    -0.267814  6.19886e-07
   0.0176549   -0.0094258    -0.235451     0.176617     0.125589  2.20208e-06
    0.230066    -0.122819     0.233364    -0.306816    -0.371297 -4.54612e-06
   -0.247724     0.132243   0.00208696     0.922616     0.855688  1.24429e-05
 4.92687e-07  3.79254e-07  1.32308e-17    -0.609977     0.792418 -1.83414e-06
    -0.26862    -0.206775  4.47164e-18    -0.206155     0.267815     0.999999
dot q: [0.579556, 0.025943, 0.374622, -0.400553, -0, -0.276806]
STEP 99
Posizione end effector iniziale:  2.92963 -1.50665  6.49657
det = 50.0911

J inversa
    0.258269     0.208517 -3.78964e-17     0.207892    -0.257495  4.48142e-07
   0.0140481  -0.00722543    -0.235437     0.175431      0.13345  2.23368e-06
    0.234507    -0.120601     0.233087    -0.301051    -0.379787  -4.6308e-06
   -0.248558     0.127825   0.00234975     0.903685     0.874522  1.24959e-05
 3.49734e-07  2.82362e-07 -1.51845e-17    -0.628182     0.778066 -1.35414e-06
   -0.258269    -0.208517   4.6861e-17    -0.207892     0.257496            1
dot q: [0.561326, 0.02014, 0.383782, -0.40391, 2e-06, -0.25851]

Posizione end effector raggiunta:  3.00354 -1.48881  6.49651
CHECK COLLISIONI STEP 0
NO COLLISIONI

CHECK COLLISIONI STEP 1
NO COLLISIONI

CHECK COLLISIONI STEP 2
NO COLLISIONI

CHECK COLLISIONI STEP 3
NO COLLISIONI

CHECK COLLISIONI STEP 4
NO COLLISIONI

CHECK COLLISIONI STEP 5
NO COLLISIONI

CHECK COLLISIONI STEP 6
NO COLLISIONI

CHECK COLLISIONI STEP 7
NO COLLISIONI

CHECK COLLISIONI STEP 8
NO COLLISIONI

CHECK COLLISIONI STEP 9
NO COLLISIONI

CHECK COLLISIONI STEP 10
NO COLLISIONI

CHECK COLLISIONI STEP 11
NO COLLISIONI

CHECK COLLISIONI STEP 12
NO COLLISIONI

CHECK COLLISIONI STEP 13
NO COLLISIONI

CHECK COLLISIONI STEP 14
NO COLLISIONI

CHECK COLLISIONI STEP 15
NO COLLISIONI

CHECK COLLISIONI STEP 16
NO COLLISIONI

CHECK COLLISIONI STEP 17
NO COLLISIONI

CHECK COLLISIONI STEP 18
NO COLLISIONI

CHECK COLLISIONI STEP 19
NO COLLISIONI

CHECK COLLISIONI STEP 20
NO COLLISIONI

CHECK COLLISIONI STEP 21
NO COLLISIONI

CHECK COLLISIONI STEP 22
NO COLLISIONI

CHECK COLLISIONI STEP 23
NO COLLISIONI

CHECK COLLISIONI STEP 24
NO COLLISIONI

CHECK COLLISIONI STEP 25
NO COLLISIONI

CHECK COLLISIONI STEP 26
NO COLLISIONI

CHECK COLLISIONI STEP 27
NO COLLISIONI

CHECK COLLISIONI STEP 28
NO COLLISIONI

CHECK COLLISIONI STEP 29
NO COLLISIONI

CHECK COLLISIONI STEP 30
NO COLLISIONI

CHECK COLLISIONI STEP 31
NO COLLISIONI

CHECK COLLISIONI STEP 32
NO COLLISIONI

CHECK COLLISIONI STEP 33
NO COLLISIONI

CHECK COLLISIONI STEP 34
NO COLLISIONI

CHECK COLLISIONI STEP 35
NO COLLISIONI

CHECK COLLISIONI STEP 36
NO COLLISIONI

CHECK COLLISIONI STEP 37
NO COLLISIONI

CHECK COLLISIONI STEP 38
NO COLLISIONI

CHECK COLLISIONI STEP 39
NO COLLISIONI

CHECK COLLISIONI STEP 40
NO COLLISIONI

CHECK COLLISIONI STEP 41
NO COLLISIONI

CHECK COLLISIONI STEP 42
NO COLLISIONI

CHECK COLLISIONI STEP 43
NO COLLISIONI

CHECK COLLISIONI STEP 44
NO COLLISIONI

CHECK COLLISIONI STEP 45
NO COLLISIONI

CHECK COLLISIONI STEP 46
NO COLLISIONI

CHECK COLLISIONI STEP 47
NO COLLISIONI

CHECK COLLISIONI STEP 48
NO COLLISIONI

CHECK COLLISIONI STEP 49
NO COLLISIONI

CHECK COLLISIONI STEP 50
NO COLLISIONI

CHECK COLLISIONI STEP 51
NO COLLISIONI

CHECK COLLISIONI STEP 52
NO COLLISIONI

CHECK COLLISIONI STEP 53
NO COLLISIONI

CHECK COLLISIONI STEP 54
NO COLLISIONI

CHECK COLLISIONI STEP 55
NO COLLISIONI

CHECK COLLISIONI STEP 56
NO COLLISIONI

CHECK COLLISIONI STEP 57
NO COLLISIONI

CHECK COLLISIONI STEP 58
NO COLLISIONI

CHECK COLLISIONI STEP 59
NO COLLISIONI

CHECK COLLISIONI STEP 60
NO COLLISIONI

CHECK COLLISIONI STEP 61
NO COLLISIONI

CHECK COLLISIONI STEP 62
NO COLLISIONI

CHECK COLLISIONI STEP 63
NO COLLISIONI

CHECK COLLISIONI STEP 64
NO COLLISIONI

CHECK COLLISIONI STEP 65
NO COLLISIONI

CHECK COLLISIONI STEP 66
NO COLLISIONI

CHECK COLLISIONI STEP 67
NO COLLISIONI

CHECK COLLISIONI STEP 68
NO COLLISIONI

CHECK COLLISIONI STEP 69
NO COLLISIONI

CHECK COLLISIONI STEP 70
NO COLLISIONI

CHECK COLLISIONI STEP 71
NO COLLISIONI

CHECK COLLISIONI STEP 72
NO COLLISIONI

CHECK COLLISIONI STEP 73
NO COLLISIONI

CHECK COLLISIONI STEP 74
NO COLLISIONI

CHECK COLLISIONI STEP 75
NO COLLISIONI

CHECK COLLISIONI STEP 76
NO COLLISIONI

CHECK COLLISIONI STEP 77
NO COLLISIONI

CHECK COLLISIONI STEP 78
NO COLLISIONI

CHECK COLLISIONI STEP 79
NO COLLISIONI

CHECK COLLISIONI STEP 80
NO COLLISIONI

CHECK COLLISIONI STEP 81
NO COLLISIONI

CHECK COLLISIONI STEP 82
NO COLLISIONI

CHECK COLLISIONI STEP 83
NO COLLISIONI

CHECK COLLISIONI STEP 84
NO COLLISIONI

CHECK COLLISIONI STEP 85
NO COLLISIONI

CHECK COLLISIONI STEP 86
NO COLLISIONI

CHECK COLLISIONI STEP 87
NO COLLISIONI

CHECK COLLISIONI STEP 88
NO COLLISIONI

CHECK COLLISIONI STEP 89
NO COLLISIONI

CHECK COLLISIONI STEP 90
NO COLLISIONI

CHECK COLLISIONI STEP 91
NO COLLISIONI

CHECK COLLISIONI STEP 92
NO COLLISIONI

CHECK COLLISIONI STEP 93
NO COLLISIONI

CHECK COLLISIONI STEP 94
NO COLLISIONI

CHECK COLLISIONI STEP 95
NO COLLISIONI

CHECK COLLISIONI STEP 96
NO COLLISIONI

CHECK COLLISIONI STEP 97
NO COLLISIONI

CHECK COLLISIONI STEP 98
NO COLLISIONI

CHECK COLLISIONI STEP 99
NO COLLISIONI


MATRICE di q

0.397992 -0.134945 -0.865905 -3.71155 -1.57082 4.66784 
0.40054 -0.121497 -0.906143 -3.68476 -1.57082 4.65385 
0.403139 -0.109276 -0.9439 -3.65922 -1.57083 4.64123 
0.405794 -0.0981038 -0.979561 -3.63473 -1.57082 4.62988 
0.408509 -0.0878435 -1.01342 -3.61113 -1.57082 4.61972 
0.411288 -0.0783876 -1.04571 -3.5883 -1.57082 4.61068 
0.414136 -0.0696503 -1.07662 -3.56612 -1.57082 4.60266 
0.417057 -0.0615616 -1.10631 -3.54452 -1.57082 4.59562 
0.420056 -0.0540641 -1.1349 -3.52343 -1.57082 4.58947 
0.423139 -0.0471106 -1.1625 -3.50278 -1.57082 4.58415 
0.426309 -0.0406611 -1.1892 -3.48254 -1.57083 4.57961 
0.429571 -0.0346826 -1.21507 -3.46265 -1.57083 4.57579 
0.432932 -0.0291467 -1.24017 -3.44308 -1.57083 4.57263 
0.436396 -0.0240293 -1.26457 -3.42379 -1.57083 4.57007 
0.43997 -0.0193098 -1.28831 -3.40477 -1.57083 4.56808 
0.44366 -0.0149702 -1.31143 -3.38599 -1.57083 4.56661 
0.447472 -0.0109946 -1.33397 -3.36743 -1.57082 4.56561 
0.451413 -0.00737005 -1.35595 -3.34907 -1.57082 4.56503 
0.45549 -0.00408449 -1.37741 -3.3309 -1.57083 4.56484 
0.459711 -0.00112689 -1.39836 -3.3129 -1.57083 4.565 
0.464084 0.00151203 -1.41884 -3.29507 -1.57083 4.56547 
0.468616 0.00384103 -1.43885 -3.27739 -1.57083 4.56622 
0.473317 0.00586743 -1.45841 -3.25985 -1.57082 4.56721 
0.478197 0.00759859 -1.47754 -3.24245 -1.57082 4.5684 
0.483266 0.00904111 -1.49624 -3.22519 -1.57082 4.56977 
0.488535 0.0102012 -1.51454 -3.20805 -1.57083 4.57128 
0.494014 0.0110854 -1.53243 -3.19105 -1.57083 4.57289 
0.499717 0.0116987 -1.54992 -3.17416 -1.57082 4.57458 
0.505656 0.012047 -1.56703 -3.15741 -1.57082 4.57632 
0.511846 0.012136 -1.58375 -3.14077 -1.57082 4.57808 
0.518302 0.0119714 -1.6001 -3.12427 -1.57082 4.57981 
0.525039 0.0115595 -1.61606 -3.10789 -1.57082 4.58151 
0.532076 0.0109056 -1.63165 -3.09164 -1.57082 4.58312 
0.53943 0.0100163 -1.64687 -3.07553 -1.57082 4.58463 
0.547119 0.00889863 -1.66172 -3.05956 -1.57082 4.58599 
0.555168 0.00755947 -1.6762 -3.04375 -1.57082 4.58719 
0.563596 0.00600691 -1.69031 -3.02809 -1.57082 4.58817 
0.572429 0.00424851 -1.70404 -3.0126 -1.57082 4.58891 
0.581693 0.00229355 -1.7174 -2.99728 -1.57082 4.58937 
0.591414 0.000151751 -1.73038 -2.98216 -1.57082 4.58953 
0.601623 -0.00216641 -1.74297 -2.96725 -1.57082 4.58933 
0.612351 -0.00464905 -1.75519 -2.95255 -1.57082 4.58873 
0.62363 -0.00728437 -1.76701 -2.93809 -1.57082 4.58771 
0.635496 -0.0100586 -1.77844 -2.92389 -1.57082 4.58621 
0.647987 -0.012957 -1.78946 -2.90997 -1.57082 4.5842 
0.661142 -0.0159638 -1.80008 -2.89634 -1.57082 4.58162 
0.675003 -0.0190615 -1.81029 -2.88304 -1.57082 4.57843 
0.689613 -0.0222322 -1.82007 -2.87009 -1.57082 4.57458 
0.705018 -0.0254559 -1.82942 -2.85751 -1.57082 4.57001 
0.721264 -0.0287111 -1.83833 -2.84535 -1.57082 4.56469 
0.738399 -0.0319756 -1.84679 -2.83362 -1.57082 4.55855 
0.756472 -0.0352253 -1.8548 -2.82237 -1.57082 4.55154 
0.775532 -0.0384349 -1.86233 -2.81162 -1.57082 4.5436 
0.795627 -0.041579 -1.86938 -2.80142 -1.57082 4.5347 
0.816805 -0.0446301 -1.87595 -2.79181 -1.57082 4.52477 
0.839109 -0.0475605 -1.88201 -2.78282 -1.57082 4.51377 
0.862578 -0.0503424 -1.88756 -2.77449 -1.57082 4.50165 
0.88725 -0.0529477 -1.89258 -2.76686 -1.57082 4.48838 
0.913153 -0.055349 -1.89707 -2.75997 -1.57082 4.47393 
0.940306 -0.05752 -1.90101 -2.75385 -1.57082 4.45826 
0.96872 -0.0594355 -1.9044 -2.74855 -1.57081 4.44138 
0.998395 -0.0610723 -1.90723 -2.74409 -1.57081 4.42327 
1.02932 -0.0624102 -1.90948 -2.7405 -1.57082 4.40395 
1.06146 -0.0634324 -1.91116 -2.7378 -1.57082 4.38345 
1.09477 -0.064125 -1.91225 -2.73602 -1.57081 4.36181 
1.1292 -0.0644788 -1.91275 -2.73516 -1.57081 4.33908 
1.16467 -0.0644887 -1.91266 -2.73524 -1.57081 4.31533 
1.2011 -0.0641537 -1.91199 -2.73625 -1.57081 4.29065 
1.23838 -0.063479 -1.91073 -2.73818 -1.57081 4.26515 
1.27639 -0.0624728 -1.90888 -2.74104 -1.57081 4.23894 
1.31502 -0.0611477 -1.90645 -2.74479 -1.57081 4.21213 
1.35414 -0.0595208 -1.90345 -2.74942 -1.57081 4.18486 
1.39361 -0.0576121 -1.89988 -2.7549 -1.57081 4.15725 
1.43329 -0.055445 -1.89576 -2.76119 -1.57081 4.12945 
1.47305 -0.0530447 -1.89109 -2.76826 -1.57081 4.10159 
1.51277 -0.0504381 -1.88588 -2.77607 -1.57081 4.07378 
1.55232 -0.0476536 -1.88014 -2.78459 -1.57081 4.04616 
1.59158 -0.0447194 -1.8739 -2.79378 -1.57081 4.01885 
1.63045 -0.0416651 -1.86715 -2.80358 -1.57081 3.99193 
1.66884 -0.0385186 -1.8599 -2.81397 -1.57081 3.96552 
1.70665 -0.035308 -1.85218 -2.8249 -1.57081 3.93968 
1.74383 -0.0320603 -1.84399 -2.83634 -1.57081 3.9145 
1.78029 -0.0288009 -1.83535 -2.84825 -1.57081 3.89004 
1.816 -0.0255546 -1.82625 -2.86059 -1.57081 3.86634 
1.85092 -0.0223442 -1.81672 -2.87333 -1.57081 3.84346 
1.885 -0.0191915 -1.80675 -2.88645 -1.57081 3.8214 
1.91823 -0.0161166 -1.79637 -2.8999 -1.57081 3.80022 
1.95059 -0.0131379 -1.78558 -2.91368 -1.57081 3.77991 
1.98207 -0.0102727 -1.77438 -2.92774 -1.57081 3.76048 
2.01267 -0.00753773 -1.76278 -2.94207 -1.57081 3.74194 
2.04239 -0.00494657 -1.75079 -2.95665 -1.57081 3.72429 
2.07125 -0.00251313 -1.73841 -2.97146 -1.57081 3.70751 
2.09924 -0.000249689 -1.72566 -2.98649 -1.57081 3.6916 
2.12638 0.00183287 -1.71252 -3.0017 -1.57081 3.67654 
2.15269 0.00372351 -1.69901 -3.0171 -1.57081 3.66232 
2.17819 0.00541319 -1.68513 -3.03267 -1.57081 3.64892 
2.2029 0.00689287 -1.67088 -3.04841 -1.57081 3.63631 
2.22683 0.00815527 -1.65626 -3.06429 -1.57081 3.62449 
2.25001 0.00919299 -1.64127 -3.08031 -1.57081 3.61341 
2.27246 0.00999859 -1.62592 -3.09647 -1.57081 3.60307 

