STEP 1
Posizione end effector iniziale:  3.50119 -2.99741   6.4984
det = 69.54

J inversa
    0.190897     0.122186 -3.17099e-17     0.121819    -0.190324   8.7159e-06
  -0.0584591    0.0500472    -0.237682     0.249488     0.186037  1.31862e-06
    0.272337    -0.233151      0.24601    -0.439027    -0.403743 -1.27732e-07
   -0.213879     0.183103  -0.00832716      1.03179     0.756799   5.8143e-06
 7.36304e-06   4.7128e-06  1.42432e-17    -0.539086      0.84224 -3.85705e-05
   -0.190897    -0.122186  5.78442e-17     -0.12184     0.190356     0.999991
dot q: [-0.432674, 0.124984, -0.58263, 0.457651, -2.1e-05, 0.677638]
STEP 2
Posizione end effector iniziale:  3.41304 -2.99952  6.49779
det = 68.9961

J inversa
    0.196011     0.120729 -3.25288e-17     0.120367    -0.195423  8.80677e-06
  -0.0540349    0.0474875    -0.237154     0.248669     0.177876  1.58548e-06
    0.264202    -0.232191      0.24408    -0.438689    -0.391029 -5.91647e-07
   -0.210169     0.184702  -0.00692598      1.04147     0.737588  6.85133e-06
  7.5211e-06  4.63246e-06  9.60064e-18    -0.524429     0.851444 -3.83705e-05
   -0.196011    -0.120729  1.81943e-18    -0.120387     0.195456     0.999991
dot q: [-0.438832, 0.113354, -0.556381, 0.443033, -2e-05, 0.653447]
STEP 3
Posizione end effector iniziale:  3.32601 -3.00177  6.49729
det = 68.4047

J inversa
    0.201178     0.119092    3.338e-17     0.118735    -0.200574  8.88767e-06
  -0.0498584    0.0449973    -0.236717     0.247957     0.169938  1.83332e-06
    0.256459    -0.231457     0.242391    -0.438717    -0.378795 -1.02448e-06
   -0.206602     0.186459  -0.00567431      1.05128     0.718267  7.83632e-06
 7.67108e-06  4.54108e-06 -1.11956e-18    -0.509404     0.860517 -3.81305e-05
   -0.201178    -0.119092 -5.75983e-19    -0.118754     0.200607     0.999991
dot q: [-0.445416, 0.102777, -0.532444, 0.429673, -1.8e-05, 0.631553]
STEP 4
Posizione end effector iniziale:  3.23996 -3.00414  6.49688
det = 67.7737

J inversa
    0.206398     0.117268            0     0.116916    -0.205779  8.96774e-06
  -0.0459033    0.0425617    -0.236358     0.247327     0.162181  2.05069e-06
    0.249048    -0.230921     0.240913    -0.439061    -0.366955 -1.40195e-06
   -0.203147     0.188359  -0.00455449       1.0612     0.698772  8.71641e-06
 7.82059e-06  4.44336e-06  7.35077e-18    -0.493992     0.869456 -3.78905e-05
   -0.206398    -0.117268  5.52334e-17    -0.116934     0.205812     0.999991
dot q: [-0.4524, 0.093087, -0.510452, 0.417324, -1.4e-05, 0.611762]
STEP 5
Posizione end effector iniziale:  3.15476 -3.00662  6.49656
det = 67.1095

J inversa
     0.21167     0.115247 -7.03839e-17     0.114902    -0.211035  9.49878e-06
  -0.0421482    0.0401683    -0.236065     0.246758     0.154571  2.18258e-06
    0.241921     -0.23056     0.239617    -0.439679    -0.355433 -1.49078e-06
   -0.199775     0.190391  -0.00355209      1.07118     0.679047  9.23334e-06
  8.3675e-06  4.55582e-06 -1.04742e-17    -0.478178     0.878252 -3.95304e-05
    -0.21167    -0.115247 -2.51727e-18     -0.11492      0.21107     0.999991
dot q: [-0.459762, 0.084198, -0.490146, 0.405958, -2.2e-05, 0.593875]
STEP 6
Posizione end effector iniziale:  3.07032 -3.00919   6.4963
det = 66.4178

J inversa
    0.216994     0.113023            0     0.112684    -0.216343  9.54516e-06
   -0.038576    0.0378071    -0.235828     0.246228      0.14708   2.4403e-06
    0.235034    -0.230354     0.238482    -0.440536    -0.344167 -1.95859e-06
   -0.196461     0.192545  -0.00265472      1.08121      0.65904  1.03234e-05
 8.49113e-06  4.42267e-06 -1.49985e-17    -0.461947     0.886897 -3.91304e-05
   -0.216994    -0.113023 -5.64655e-17    -0.112702     0.216377      0.99999
dot q: [-0.467466, 0.075969, -0.471229, 0.39527, -2.1e-05, 0.577957]
STEP 7
Posizione end effector iniziale:  2.98654 -3.01183   6.4961
det = 65.7034

J inversa
    0.222365     0.110585            0     0.110253    -0.221698  9.58973e-06
  -0.0351727    0.0354696    -0.235637     0.245722     0.139684  2.68016e-06
    0.228353    -0.230286      0.23749    -0.441598    -0.333103 -2.39608e-06
   -0.193183     0.194815  -0.00185235      1.09126     0.638709  1.13611e-05
 8.61236e-06  4.28303e-06 -2.01921e-17    -0.445283     0.895379 -3.87304e-05
   -0.222365    -0.110585 -5.05179e-18     -0.11027     0.221732      0.99999
dot q: [-0.475489, 0.068331, -0.453492, 0.385172, -1.9e-05, 0.563764]
STEP 8
Posizione end effector iniziale:  2.90335 -3.01453  6.49595
det = 64.9708

J inversa
     0.22778     0.107924  1.84145e-17       0.1076    -0.227096  9.62239e-06
  -0.0319274     0.033149    -0.235487     0.245225     0.132365  2.89246e-06
    0.221847    -0.230342     0.236624    -0.442841    -0.322196 -2.78736e-06
   -0.189923     0.197191  -0.00113634      1.10131     0.618012     1.23e-05
 8.72187e-06  4.13249e-06 -8.67204e-18    -0.428174     0.903686 -3.82904e-05
    -0.22778    -0.107924  2.40909e-17    -0.107617     0.227131      0.99999
dot q: [-0.483803, 0.06122, -0.436769, 0.375561, -1.8e-05, 0.551185]
STEP 9
Posizione end effector iniziale:  2.82067 -3.01729  6.49584
det = 64.2239

J inversa
    0.233234     0.105031 -1.83977e-17     0.104716    -0.232534  9.64268e-06
  -0.0288313    0.0308399    -0.235372     0.244723     0.125107  3.08927e-06
     0.21549     -0.23051     0.235871    -0.444239    -0.311406 -3.15574e-06
   -0.186661     0.199668 -0.000499247      1.11133     0.596912  1.31916e-05
 8.81876e-06   3.9713e-06  8.15577e-19    -0.410606     0.911802 -3.78104e-05
   -0.233234    -0.105031  2.08025e-19    -0.104731     0.232569      0.99999
dot q: [-0.492374, 0.054578, -0.420897, 0.36633, -1.7e-05, 0.540106]
STEP 10
Posizione end effector iniziale:  2.73843 -3.02008  6.49577
det = 63.4662

J inversa
     0.23872     0.101895            0      0.10159    -0.238004  9.67077e-06
  -0.0258773    0.0285377    -0.235285     0.244205     0.117895  3.27014e-06
    0.209258    -0.230779      0.23522    -0.445771    -0.300696 -3.49426e-06
   -0.183384      0.20224  6.53582e-05      1.12129     0.575378  1.40292e-05
 8.92117e-06  3.80792e-06 -1.03517e-17     -0.39257     0.919712 -3.73704e-05
    -0.23872    -0.101895 -2.68103e-18    -0.101604     0.238039      0.99999
dot q: [-0.501162, 0.04835, -0.405716, 0.357328, -2e-05, 0.530437]
STEP 11
Posizione end effector iniziale:  2.65659 -3.02292  6.49572
det = 62.7009

J inversa
    0.244231    0.0985082 -3.67268e-17    0.0982127    -0.243499  1.02111e-05
  -0.0230605    0.0262391    -0.235223     0.243658     0.110721  3.45643e-06
    0.203131    -0.231141      0.23466    -0.447416    -0.290038  -3.6926e-06
   -0.180074       0.2049  0.000562985      1.13116      0.55338  1.48413e-05
 9.49836e-06  3.83106e-06 -1.49576e-17    -0.374055     0.927395 -3.88904e-05
   -0.244231   -0.0985082  2.21246e-17   -0.0982272     0.243535      0.99999
dot q: [-0.510155, 0.042543, -0.391217, 0.34869, -2.1e-05, 0.522093]
STEP 12
Posizione end effector iniziale:  2.5751 -3.0258  6.4957
det = 61.931

J inversa
    0.249758    0.0948593   3.6692e-17    0.0945747    -0.249009  1.01886e-05
  -0.0203764    0.0239413    -0.235181     0.243073     0.103574   3.6753e-06
    0.197092    -0.231586     0.234182    -0.449155    -0.279402 -4.12659e-06
    -0.17672     0.207643  0.000998946      1.14092      0.53089  1.58964e-05
 9.55346e-06  3.62844e-06 -2.78627e-18    -0.355054     0.934835 -3.82504e-05
   -0.249758   -0.0948593 -2.67417e-17   -0.0945883     0.249045      0.99999
dot q: [-0.519301, 0.037084, -0.377211, 0.340143, -1.8e-05, 0.514999]
STEP 13
Posizione end effector iniziale:   2.4939 -3.02869  6.49571
det = 61.1593

J inversa
    0.255291    0.0909392            0    0.0906664    -0.254525  1.01621e-05
  -0.0178225    0.0216427    -0.235156      0.24244    0.0964483  3.85768e-06
    0.191125    -0.232107     0.233778    -0.450971    -0.268767 -4.49447e-06
   -0.173307     0.210463   0.00137758      1.15055     0.507886  1.68019e-05
 9.60169e-06   3.4203e-06  7.09822e-18     -0.33556     0.942008 -3.76104e-05
   -0.255291   -0.0909392  1.93728e-18    -0.090679      0.25456      0.99999
dot q: [-0.528573, 0.031965, -0.363621, 0.331672, -1.7e-05, 0.5089]
STEP 14
Posizione end effector iniziale:  2.41298 -3.03161  6.49573
det = 60.3883

J inversa
    0.260816    0.0867388            0    0.0864786    -0.260033  1.01313e-05
  -0.0153968    0.0193425    -0.235145     0.241751    0.0893397   4.0255e-06
    0.185215    -0.232698     0.233442    -0.452846     -0.25811 -4.83902e-06
   -0.169823     0.213354   0.00170297      1.15999     0.484348  1.76586e-05
 9.64257e-06   3.2068e-06 -9.56775e-18     -0.31557     0.948892 -3.69704e-05
   -0.260816   -0.0867388 -2.62229e-18   -0.0864902     0.260068      0.99999
dot q: [-0.537927, 0.027167, -0.350407, 0.323255, -1.4e-05, 0.503867]
STEP 15
Posizione end effector iniziale:  2.33228 -3.03454  6.49576
det = 59.6206

J inversa
     0.26632    0.0822494  1.82931e-17    0.0820027    -0.265521  1.01073e-05
  -0.0130983    0.0170405    -0.235145     0.240996    0.0822447   4.1586e-06
     0.17935    -0.233351     0.233166    -0.454764    -0.247413 -5.11635e-06
   -0.166256     0.216309   0.00197885      1.16924     0.460257  1.83628e-05
 9.68629e-06  2.99148e-06 -1.00479e-17    -0.295081     0.955462 -3.63704e-05
    -0.26632   -0.0822494 -1.57635e-17   -0.0820134     0.265556      0.99999
dot q: [-0.547322, 0.022664, -0.337462, 0.314764, -2.3e-05, 0.499764]
STEP 16
Posizione end effector iniziale: 2.25179 -3.0375 6.49582
det = 58.8584

J inversa
    0.271789    0.0774633 -1.82753e-17    0.0772309    -0.270974  1.06312e-05
  -0.0109266    0.0147373    -0.235155      0.24017    0.0751621  4.36665e-06
    0.173518     -0.23406     0.232946    -0.456708    -0.236659 -5.37333e-06
   -0.162596     0.219322   0.00220857      1.17824       0.4356  1.93317e-05
 1.02548e-05  2.92275e-06 -9.48877e-18    -0.274094     0.961692 -3.77304e-05
   -0.271789   -0.0774633  1.02265e-17   -0.0772413      0.27101     0.999989
dot q: [-0.556721, 0.018488, -0.324819, 0.306351, -2e-05, 0.496442]
STEP 17
Posizione end effector iniziale:  2.17147 -3.04046  6.49588
det = 58.104

J inversa
    0.277205    0.0723735            0    0.0721564    -0.276374  1.05488e-05
 -0.00888183    0.0124341    -0.235171     0.239264     0.068091   4.5556e-06
    0.167709     -0.23482     0.232775    -0.458663    -0.225836 -5.78782e-06
   -0.158832     0.222385   0.00239571      1.18696     0.410365  2.03573e-05
 1.02374e-05  2.67281e-06  8.39222e-18    -0.252612     0.967557 -3.69304e-05
   -0.277205   -0.0723735  2.39747e-18   -0.0721657     0.276409     0.999989
dot q: [-0.566078, 0.014585, -0.312346, 0.29778, -1.7e-05, 0.493803]
STEP 18
Posizione end effector iniziale:  2.09131 -3.04344  6.49595
det = 57.3594

J inversa
     0.28255    0.0669741            0    0.0667732    -0.281703  1.04718e-05
 -0.00696449     0.010133    -0.235192     0.238273    0.0610326  4.71035e-06
    0.161913    -0.235626     0.232648    -0.460613     -0.21493  -6.1365e-06
   -0.154954     0.225491   0.00254322      1.19538     0.384546  2.12312e-05
 1.02201e-05  2.42251e-06 -4.59001e-18    -0.230641     0.973028 -3.61704e-05
    -0.28255   -0.0669741  2.45354e-17   -0.0667816     0.281738      0.99999
dot q: [-0.575345, 0.010968, -0.300031, 0.289083, -1.6e-05, 0.491895]
STEP 19
Posizione end effector iniziale:  2.01129 -3.04643  6.49603
det = 56.6267

J inversa
    0.287805    0.0612607 -9.11086e-18    0.0610769    -0.286941  1.03767e-05
 -0.00517553   0.00783678    -0.235216     0.237192    0.0539893  4.85184e-06
    0.156123     -0.23647     0.232562    -0.462542    -0.203931 -6.46857e-06
   -0.150953     0.228632   0.00265411      1.20344     0.358138  2.20618e-05
 1.01799e-05  2.16684e-06  2.43854e-18    -0.208189     0.978078 -3.53704e-05
   -0.287805   -0.0612607  1.36253e-17   -0.0610843     0.286976      0.99999
dot q: [-0.584458, 0.007632, -0.28784, 0.280239, -6.4e-05, 0.490462]
STEP 20
Posizione end effector iniziale:  1.93138 -3.04942  6.49612
det = 55.9079

J inversa
    0.292947    0.0552305 -9.10191e-18    0.0550648    -0.292068  1.01441e-05
 -0.00351619   0.00554884    -0.235242     0.236015     0.046965  5.45297e-06
     0.15033    -0.237349     0.232511    -0.464435    -0.192832  -7.7906e-06
    -0.14682     0.231799   0.00273131      1.21111     0.331144  2.53426e-05
 9.99851e-06  1.88506e-06 -5.43365e-18    -0.185268     0.982678 -3.41305e-05
   -0.292947   -0.0552305 -1.57725e-18   -0.0550711     0.292101      0.99999
dot q: [-0.593405, 0.00457, -0.27574, 0.271196, -9e-06, 0.489458]
STEP 21
Posizione end effector iniziale:  1.85158 -3.05243  6.49622
det = 55.2048

J inversa
    0.297954     0.048882            0    0.0487354     -0.29706  9.96135e-06
 -0.00198738   0.00327334    -0.235269     0.234739    0.0399627  5.51615e-06
    0.144527    -0.238256     0.232492    -0.466276    -0.181625 -8.00509e-06
   -0.142546     0.234981   0.00277763      1.21834     0.303564  2.58539e-05
 9.85952e-06  1.61754e-06  9.09406e-19    -0.161893     0.986798 -3.30905e-05
   -0.297954    -0.048882  2.54519e-19   -0.0487407     0.297092      0.99999
dot q: [-0.602109, 0.001773, -0.263675, 0.261879, -2e-05, 0.488838]
STEP 22
Posizione end effector iniziale:  1.77186 -3.05544  6.49632
det = 54.5193

J inversa
    0.302801    0.0422162   -9.084e-18    0.0420896    -0.301893  1.03669e-05
-0.000590598   0.00101524    -0.235296     0.233362    0.0329886  5.68004e-06
    0.138708    -0.239187     0.232501     -0.46805    -0.170305 -8.23186e-06
   -0.138124     0.238171   0.00279574      1.22511     0.275408  2.67168e-05
 1.02985e-05  1.43581e-06 -3.76051e-19    -0.138082      0.99041 -3.40104e-05
   -0.302801   -0.0422162  6.31915e-18   -0.0420943     0.301926      0.99999
dot q: [-0.610512, -0.000727, -0.251697, 0.252451, -1.3e-05, 0.488503]
STEP 23
Posizione end effector iniziale:  1.69221 -3.05845  6.49643
det = 53.8531

J inversa
    0.307464    0.0352364            0    0.0351307    -0.306541  1.01607e-05
 0.000673213  -0.00122016    -0.235322     0.231881    0.0260485  5.77724e-06
    0.132867    -0.240136     0.232534    -0.469742    -0.158871 -8.53037e-06
   -0.133548     0.241355   0.00278864      1.23136     0.246688  2.74381e-05
  1.0125e-05  1.16036e-06  1.61784e-19    -0.113857     0.993487 -3.29305e-05
   -0.307464   -0.0352364 -6.40418e-18   -0.0351345     0.306574      0.99999
dot q: [-0.618557, -0.002965, -0.239711, 0.242705, -9e-06, 0.488251]
STEP 24
Posizione end effector iniziale:  1.61263 -3.06146  6.49654
det = 53.2079

J inversa
    0.311916    0.0279483  4.53305e-18    0.0278645     -0.31098  9.91966e-06
  0.00180303  -0.00342655    -0.235347     0.230295    0.0191493  5.83459e-06
    0.127001    -0.241097     0.232588    -0.471337    -0.147321 -8.76154e-06
   -0.128812     0.244523   0.00275896      1.23705     0.217424  2.79719e-05
 9.90981e-06   8.8794e-07 -8.36896e-19   -0.0892437        0.996 -3.17705e-05
   -0.311916   -0.0279483 -2.42186e-19   -0.0278673     0.311012      0.99999
dot q: [-0.626192, -0.00493, -0.227721, 0.232678, -1.1e-05, 0.488183]
STEP 25
Posizione end effector iniziale:   1.5331 -3.06449  6.49666
det = 52.5854

J inversa
     0.31613    0.0203602  4.52858e-18    0.0202991    -0.315181   9.6932e-06
  0.00279818  -0.00559708    -0.235369     0.228604    0.0122988  5.90838e-06
    0.121104    -0.242066     0.232659    -0.472821    -0.135655 -9.02515e-06
    -0.12391     0.247663   0.00270942      1.24215     0.187636  2.86018e-05
 9.70227e-06  6.24871e-07 -9.19757e-19   -0.0642708     0.997923 -3.06905e-05
    -0.31613   -0.0203602  2.94767e-18   -0.0203011     0.315212      0.99999
dot q: [-0.633358, -0.006625, -0.215721, 0.222372, -6e-06, 0.488024]
STEP 26
Posizione end effector iniziale:  1.45363 -3.06752  6.49678
det = 51.987

J inversa
    0.320078    0.0124834 -2.26206e-18     0.012446    -0.319118  9.46929e-06
  0.00365848  -0.00772439    -0.235388     0.226809   0.00550474   5.9348e-06
    0.115173    -0.243037     0.232745    -0.474179    -0.123876 -9.19097e-06
    -0.11884     0.250761   0.00264272      1.24661     0.157352  2.89812e-05
 9.49057e-06  3.70144e-07  6.09395e-19   -0.0389712     0.999231 -2.96505e-05
   -0.320078   -0.0124834  1.90052e-19   -0.0124471     0.319147     0.999991
dot q: [-0.639992, -0.008061, -0.203662, 0.211701, -2.1e-05, 0.487801]
STEP 27
Posizione end effector iniziale:  1.37418 -3.07054   6.4969
det = 51.4145

J inversa
    0.323733   0.00433238 -1.69487e-18   0.00431938    -0.322762  9.85506e-06
  0.00438403  -0.00980033    -0.235405     0.224914  -0.00122396  6.10318e-06
    0.109205    -0.244005     0.232843    -0.475397     -0.11199  -9.4431e-06
   -0.113597     0.253805   0.00256143      1.25039     0.126603  2.99049e-05
 9.88383e-06  1.32271e-07  5.07922e-20   -0.0133812     0.999901 -3.05305e-05
   -0.323733  -0.00433238  8.26457e-19  -0.00431979     0.322792      0.99999
dot q: [-0.646047, -0.00921, -0.191618, 0.200858, -1e-05, 0.487416]
STEP 28
Posizione end effector iniziale:  1.29478 -3.07357  6.49702
det = 50.8691

J inversa
    0.327068  -0.00407552            0  -0.00406329    -0.326087  9.56513e-06
  0.00497594   -0.0118168    -0.235419      0.22292  -0.00787924   6.1629e-06
    0.103197    -0.244964      0.23295    -0.476462   -0.0999998 -9.70634e-06
   -0.108182     0.256781   0.00246843      1.25346    0.0954281  3.05084e-05
 9.59317e-06 -1.19538e-07  4.47242e-19    0.0124597     0.999913 -2.93305e-05
   -0.327068   0.00407552 -1.47483e-18   0.00406366     0.326116      0.99999
dot q: [-0.651458, -0.010104, -0.179488, 0.189619, -8e-06, 0.486777]
STEP 29
Posizione end effector iniziale:  1.2154 -3.0766 6.49714
det = 50.3523

J inversa
    0.330056   -0.0127195 -2.25537e-18   -0.0126814    -0.329065  9.30326e-06
  0.00543559   -0.0137645     -0.23543     0.220833   -0.0144521  6.20394e-06
   0.0971481    -0.245908     0.233063    -0.477362   -0.0879149 -9.92176e-06
   -0.102593     0.259673   0.00236628      1.25579    0.0638671  3.10028e-05
 9.32433e-06 -3.59336e-07 -4.06316e-19    0.0385086     0.999249 -2.82505e-05
   -0.330056    0.0127195  1.48749e-18    0.0126824     0.329094     0.999991
dot q: [-0.656163, -0.010742, -0.167303, 0.178072, -7e-06, 0.485829]
STEP 30
Posizione end effector iniziale:  1.13604 -3.07964  6.49727
det = 49.8655

J inversa
     0.33267   -0.0215755 -4.50631e-18   -0.0215108    -0.331672  9.03072e-06
   0.0057653   -0.0156344    -0.235438     0.218659   -0.0209337  6.23518e-06
    0.091057    -0.246833      0.23318    -0.478086   -0.0757442 -1.01214e-05
  -0.0968315     0.262468   0.00225754      1.25733    0.0319674  3.14512e-05
  9.0389e-06 -5.86224e-07  1.36601e-18    0.0647191     0.997894 -2.71706e-05
    -0.33267    0.0215755  -2.7898e-18    0.0215125     0.331699     0.999991
dot q: [-0.660137, -0.011127, -0.155064, 0.166218, -6e-06, 0.484368]
STEP 31
Posizione end effector iniziale:   1.0567 -3.08267  6.49739
det = 49.4099

J inversa
    0.334886   -0.0306166            0   -0.0305247    -0.333882  8.74757e-06
  0.00596827   -0.0174169    -0.235443     0.216405   -0.0273159  6.25702e-06
   0.0849231    -0.247733     0.233299    -0.478623    -0.063498 -1.03054e-05
  -0.0909007     0.265151   0.00214477      1.25807 -0.000220958  3.18534e-05
 8.73745e-06 -7.98812e-07  3.78061e-19    0.0910434     0.995838 -2.60906e-05
   -0.334886    0.0306166 -6.36345e-18    0.0305271     0.333908     0.999991
dot q: [-0.663301, -0.01128, -0.142731, 0.153993, -2.6e-05, 0.482575]
STEP 32
Posizione end effector iniziale: 0.977377  -3.0857  6.49751
det = 48.9866

J inversa
    0.336682   -0.0398124            0   -0.0396929    -0.335672  9.06235e-06
  0.00604845   -0.0191024    -0.235446     0.214078   -0.0335901  6.46654e-06
   0.0787466    -0.248602     0.233416    -0.478963    -0.051189 -1.06759e-05
  -0.0848048     0.267706   0.00203033      1.25797   -0.0326421  3.30544e-05
 9.02672e-06  -1.0674e-06   1.2111e-18      0.11743     0.993072 -2.68106e-05
   -0.336682    0.0398124    6.888e-18    0.0396961     0.335699     0.999991
dot q: [-0.665636, -0.011178, -0.130386, 0.141594, -5e-06, 0.48014]
STEP 33
Posizione end effector iniziale: 0.898062 -3.08874  6.49763
det = 48.5969

J inversa
    0.338038     -0.04913 -8.98605e-18   -0.0489826    -0.337024  8.72215e-06
  0.00601111   -0.0206815    -0.235447     0.211688   -0.0397495  6.47834e-06
   0.0725282    -0.249437     0.233531    -0.479099     -0.03883 -1.08597e-05
  -0.0785491      0.27012   0.00191679      1.25701   -0.0652381  3.34264e-05
 8.65744e-06 -1.25826e-06 -5.36493e-18     0.143826     0.989594 -2.56106e-05
   -0.338038      0.04913  1.11496e-17    0.0489863      0.33705     0.999991
dot q: [-0.667084, -0.010865, -0.11795, 0.128844, -4e-06, 0.477125]
STEP 34
Posizione end effector iniziale: 0.818758 -3.09178  6.49776
det = 48.2417

J inversa
    0.338937   -0.0585337 -8.97723e-18   -0.0583581     -0.33792  8.38472e-06
  0.00586219   -0.0221446    -0.235447     0.209246   -0.0457868  6.48201e-06
   0.0662693    -0.250231     0.233641    -0.479023   -0.0264358 -1.10244e-05
  -0.0721414     0.272377   0.00180632      1.25519   -0.0979465  3.37473e-05
 8.28728e-06  -1.4312e-06  1.76282e-18     0.170178     0.985405 -2.44506e-05
   -0.338937    0.0585337  6.17093e-19    0.0583623     0.337944     0.999992
dot q: [-0.667623, -0.010342, -0.105446, 0.115817, -3e-06, 0.473461]
STEP 35
Posizione end effector iniziale: 0.739461 -3.09481  6.49787
det = 47.9219

J inversa
    0.339363   -0.0679858  8.96843e-18   -0.0677819    -0.338345  8.03691e-06
   0.0056087   -0.0234824    -0.235445     0.206761   -0.0516961  6.47762e-06
   0.0599718     -0.25098     0.233744    -0.478731   -0.0140219 -1.11742e-05
  -0.0655905     0.274464   0.00170107      1.25249    -0.130703  3.40216e-05
 7.90404e-06 -1.58344e-06 -1.00992e-18     0.196429      0.98051 -2.32906e-05
   -0.339363    0.0679858 -3.48516e-19    0.0677864     0.338368     0.999992
dot q: [-0.667227, -0.009631, -0.092886, 0.102543, -1e-06, 0.469117]
STEP 36
Posizione end effector iniziale: 0.660171 -3.09784  6.49799
det = 47.6386

J inversa
    0.339307   -0.0774467            0   -0.0772144    -0.338289  7.72079e-06
  0.00525873   -0.0246863    -0.235442     0.204245   -0.0574724  6.45832e-06
   0.0536383     -0.25168     0.233839    -0.478218   -0.0016048 -1.12777e-05
   -0.058907     0.276369   0.00160296       1.2489    -0.163439  3.41844e-05
 7.54986e-06 -1.72325e-06  4.70398e-18     0.222525     0.974919 -2.22506e-05
   -0.339307    0.0774467 -1.13706e-17    0.0772193     0.338311     0.999992
dot q: [-0.665875, -0.008738, -0.080254, 0.089019, -0, 0.464078]
STEP 37
Posizione end effector iniziale: 0.580884 -3.10088  6.49809
det = 47.3924

J inversa
    0.338761   -0.0868754  1.79018e-17   -0.0866148    -0.337745  7.38171e-06
  0.00482124   -0.0257478    -0.235438     0.201711   -0.0631117  6.43143e-06
   0.0472718    -0.252327     0.233925    -0.477484    0.0107987  -1.1371e-05
   -0.052103     0.278077   0.00151388      1.24443    -0.196089  3.43046e-05
 7.17185e-06 -1.83922e-06  6.24875e-18      0.24841     0.968647 -2.11706e-05
   -0.338761    0.0868754  2.17893e-18      0.08662     0.337765     0.999993
dot q: [-0.663551, -0.007702, -0.067561, 0.075247, -2.6e-05, 0.458275]
STEP 38
Posizione end effector iniziale: 0.501601 -3.10391   6.4982
det = 47.184

J inversa
    0.337723   -0.0962302            0   -0.0959415     -0.33671  7.63621e-06
  0.00430611   -0.0266595    -0.235435     0.199171   -0.0686108  6.64445e-06
   0.0408759    -0.252917     0.233999    -0.476527    0.0231707 -1.17653e-05
  -0.0451923      0.27958    0.0014353      1.23908    -0.228581  3.55258e-05
   7.366e-06 -2.09886e-06 -8.81075e-18     0.274029     0.961713 -2.18106e-05
   -0.337723    0.0962302 -3.10488e-18    0.0959475      0.33673     0.999992
dot q: [-0.660282, -0.006511, -0.054869, 0.061409, 0, 0.45174]
STEP 39
Posizione end effector iniziale: 0.422323 -3.10694   6.4983
det = 47.014

J inversa
    0.336194     -0.10547  1.78668e-17    -0.105153    -0.335185  7.25446e-06
  0.00372432   -0.0274148    -0.235431     0.196637   -0.0739688  6.61984e-06
   0.0344545    -0.253447     0.234062    -0.475349    0.0354945 -1.18745e-05
   -0.038189     0.280865   0.00136883      1.23286    -0.260849  3.56597e-05
 6.94267e-06 -2.17804e-06  2.32785e-18     0.299331     0.954142 -2.06507e-05
   -0.336194      0.10547 -1.22132e-17      0.10516     0.335205     0.999993
dot q: [-0.656038, -0.005211, -0.042117, 0.047355, 2e-06, 0.444383]
STEP 40
Posizione end effector iniziale: 0.343047 -3.10998   6.4984
det = 46.8829

J inversa
    0.334179    -0.114552  1.78494e-17    -0.114209    -0.333177  6.89299e-06
  0.00308731    -0.028008    -0.235428     0.194122   -0.0791851  6.58142e-06
    0.028012    -0.253915     0.234112    -0.473953    0.0477522  -1.1942e-05
  -0.0311094     0.281926   0.00131561       1.2258    -0.292822  3.56856e-05
 6.54015e-06 -2.24188e-06  4.61627e-18     0.324263      0.94596 -1.95707e-05
   -0.334179     0.114552 -5.03756e-17     0.114215     0.333195     0.999993
dot q: [-0.65087, -0.003838, -0.029326, 0.03319, -0, 0.436313]
STEP 41
Posizione end effector iniziale: 0.263774 -3.11301  6.49849
det = 46.791

J inversa
     0.33169    -0.123438  -3.5664e-17    -0.123068    -0.330694  6.53863e-06
  0.00240722   -0.0284344    -0.235425     0.191638   -0.0842605  6.56251e-06
    0.021553    -0.254318     0.234149    -0.472344    0.0599268 -1.20462e-05
  -0.0239702     0.282756   0.00127638      1.21791    -0.324437  3.58087e-05
 6.14647e-06 -2.28741e-06 -1.12798e-17     0.348779     0.937198 -1.85307e-05
    -0.33169     0.123438  4.80289e-17     0.123074     0.330712     0.999993
dot q: [-0.64478, -0.002391, -0.016521, 0.01894, 1e-06, 0.42753]
STEP 42
Posizione end effector iniziale: 0.184506 -3.11604  6.49857
det = 46.7387

J inversa
    0.328739    -0.132089  1.78146e-17    -0.131693    -0.327753  6.14985e-06
  0.00169671   -0.0286905    -0.235424     0.189196   -0.0891973  6.53677e-06
   0.0150824    -0.254654     0.234172    -0.470528    0.0720015 -1.21445e-05
  -0.0167891     0.283349   0.00125193      1.20923    -0.355628  3.58928e-05
 5.72361e-06 -2.29977e-06  7.59593e-18     0.372831     0.927892 -1.74107e-05
   -0.328739     0.132089 -2.33325e-17     0.131699     0.327769     0.999994
dot q: [-0.637798, -0.00092, -0.003684, 0.004589, -3e-05, 0.417959]
STEP 43
Posizione end effector iniziale: 0.105241 -3.11908  6.49865
det = 46.726

J inversa
    0.325345    -0.140467 -1.77973e-17    -0.140046    -0.324369   6.3634e-06
 0.000968697   -0.0287741    -0.235423     0.186809   -0.0939984   6.7937e-06
   0.0086055    -0.254923      0.23418    -0.468514    0.0839601 -1.26343e-05
 -0.00958444     0.283702   0.00124251      1.19979    -0.386334  3.73256e-05
 5.85972e-06 -2.52993e-06  5.96763e-19      0.39638      0.91808 -1.80107e-05
   -0.325345     0.140467  2.61756e-17     0.140053     0.324386     0.999994
dot q: [-0.629988, 0.00059, 0.009087, -0.009615, -3.6e-05, 0.407703]
STEP 44
Posizione end effector iniziale: 0.0259818  -3.12211   6.49871
det = 46.7529

J inversa
    0.321531    -0.148541   -1.778e-17    -0.148095    -0.320566  5.48426e-06
 0.000236452   -0.0286846    -0.235423     0.184486   -0.0986682  7.06617e-06
  0.00212752    -0.255125     0.234175     -0.46631    0.0957876 -1.35738e-05
 -0.00237456     0.283814   0.00124852      1.18964    -0.416498  3.94327e-05
 4.99363e-06 -2.30696e-06  6.10189e-18     0.419387     0.907801 -1.55307e-05
   -0.321531     0.148541  2.81534e-17     0.148102      0.32058     0.999995
dot q: [-0.621399, 0.002059, 0.021909, -0.023942, 1e-05, 0.396905]
STEP 45
Posizione end effector iniziale: -0.0532713   -3.12515    6.49878
det = 46.8195

J inversa
     0.31732    -0.156279            0    -0.155811    -0.316368  5.11025e-06
-0.000486716   -0.0284221    -0.235424     0.182236    -0.103213  6.97558e-06
 -0.00434684    -0.255259     0.234155    -0.463927     0.107471  -1.3508e-05
  0.00482323     0.283686   0.00126953       1.1788     -0.44607  3.90575e-05
 4.59821e-06 -2.26461e-06  1.03103e-17      0.44182     0.897098 -1.44907e-05
    -0.31732     0.156279 -2.23955e-17     0.155817     0.316381     0.999995
dot q: [-0.612057, 0.003495, 0.034698, -0.038168, 1.4e-05, 0.385375]
STEP 46
Posizione end effector iniziale: -0.132518  -3.12818   6.49883
det = 46.9255

J inversa
     0.31274    -0.163656   7.0982e-17    -0.163165    -0.311802   4.7476e-06
 -0.00118786   -0.0279883    -0.235426     0.180068    -0.107639  6.85542e-06
  -0.0108121    -0.255327     0.234121    -0.461378     0.118998 -1.33671e-05
     0.01199      0.28332    0.0013052      1.16733       -0.475  3.84768e-05
 4.21912e-06 -2.20785e-06 -6.91575e-18     0.463648     0.886014 -1.34907e-05
    -0.31274     0.163656 -5.45278e-17     0.163171     0.311814     0.999995
dot q: [-0.602036, 0.004863, 0.047455, -0.052293, 1.2e-05, 0.373384]
STEP 47
Posizione end effector iniziale: -0.211759  -3.13122   6.49887
det = 47.0706

J inversa
    0.307823    -0.170648 -3.54566e-17    -0.170136    -0.306899  4.38306e-06
 -0.00185424   -0.0273861    -0.235429      0.17799    -0.111952  6.75537e-06
  -0.0172633     -0.25533     0.234074    -0.458673     0.130355 -1.32667e-05
   0.0191078     0.282721   0.00135482      1.15529    -0.503245  3.79964e-05
 3.84495e-06 -2.13153e-06 -6.82762e-18     0.484848     0.874593 -1.24907e-05
   -0.307823     0.170648  2.36667e-17     0.170142      0.30691     0.999996
dot q: [-0.591385, 0.006132, 0.060197, -0.06634, -2.3e-05, 0.36081]
STEP 48
Posizione end effector iniziale: -0.290993  -3.13426   6.49891
det = 47.2545

J inversa
    0.302598    -0.177236  3.54222e-17    -0.176704    -0.301691    4.521e-06
 -0.00247364   -0.0266195    -0.235432     0.176008    -0.116159  6.96977e-06
  -0.0236954    -0.255269     0.234014    -0.455829     0.141534 -1.36641e-05
   0.0261593     0.281895   0.00141737      1.14271    -0.530767  3.90994e-05
 3.91284e-06  -2.2918e-06  -5.0519e-18       0.5054      0.86288 -1.29307e-05
   -0.302598     0.177236 -1.76637e-18      0.17671     0.301702     0.999995
dot q: [-0.580203, 0.007296, 0.072843, -0.080113, 1.3e-05, 0.347857]
STEP 49
Posizione end effector iniziale: -0.370212   -3.1373   6.49894
det = 47.4764

J inversa
    0.297101    -0.183406            0    -0.182856     -0.29621  4.13924e-06
 -0.00303421   -0.0256942    -0.235435     0.174125    -0.120271  6.86807e-06
  -0.0301043    -0.255149     0.233943    -0.452857     0.152527 -1.35562e-05
    0.033129     0.280849   0.00149175      1.12966    -0.557537  3.85733e-05
 3.53277e-06 -2.18084e-06 -9.77923e-18     0.525288      0.85092 -1.18908e-05
   -0.297101     0.183406 -3.40432e-18     0.182862      0.29622     0.999996
dot q: [-0.568547, 0.008318, 0.08546, -0.093752, 1.4e-05, 0.334558]
STEP 50
Posizione end effector iniziale: -0.449427  -3.14034   6.49896
det = 47.7359

J inversa
    0.291365    -0.189148 -3.53535e-17    -0.188581    -0.290491  3.75801e-06
 -0.00352506    -0.024616    -0.235437     0.172347    -0.124293  6.76126e-06
  -0.0364857    -0.254971     0.233861    -0.449774     0.163326 -1.34324e-05
   0.0400016     0.279593   0.00157649      1.11619    -0.583528  3.79962e-05
 3.16155e-06 -2.05241e-06 -1.06406e-17     0.544502     0.838755 -1.08508e-05
   -0.291365     0.189148  7.42935e-17     0.188587       0.2905     0.999996
dot q: [-0.556467, 0.009175, 0.098015, -0.107169, 1.4e-05, 0.320907]
STEP 51
Posizione end effector iniziale: -0.528633  -3.14339   6.49896
det = 48.0322

J inversa
    0.285424    -0.194456  3.53192e-17    -0.193873    -0.284568  3.44705e-06
 -0.00393604   -0.0233922     -0.23544     0.170675    -0.128235  6.65967e-06
  -0.0428358    -0.254739      0.23377    -0.446594     0.173928 -1.32893e-05
   0.0467631     0.278137    0.0016699      1.10236    -0.608721  3.73948e-05
 2.85733e-06 -1.94666e-06  5.46622e-18     0.563035     0.826429 -1.00108e-05
   -0.285424     0.194456  -5.0025e-17     0.193878     0.284576     0.999997
dot q: [-0.544051, 0.009855, 0.110488, -0.120323, 1.4e-05, 0.306956]
STEP 52
Posizione end effector iniziale: -0.607824  -3.14644   6.49897
det = 48.3645

J inversa
    0.279312    -0.199327   3.5285e-17    -0.198729    -0.278474  3.15113e-06
 -0.00425793   -0.0220306    -0.235441     0.169112    -0.132105  6.56139e-06
  -0.0491514    -0.254457     0.233671    -0.443331     0.184327 -1.31441e-05
   0.0534009     0.276494   0.00177014      1.08821    -0.633102  3.67879e-05
 2.57269e-06 -1.83596e-06 -1.57089e-17     0.580885     0.813981 -9.21077e-06
   -0.279312     0.199327  -5.4235e-18     0.198734     0.278482     0.999997
dot q: [-0.531336, 0.010333, 0.122924, -0.13327, -2.6e-05, 0.292867]
STEP 53
Posizione end effector iniziale: -0.687008   -3.1495   6.49896
det = 48.7318

J inversa
    0.273062    -0.203762            0    -0.203151    -0.272243  3.30542e-06
 -0.00448246   -0.0205393    -0.235441     0.167658    -0.135911  6.82235e-06
  -0.0554296     -0.25413     0.233566    -0.440003     0.194523 -1.36098e-05
   0.0599035     0.274676   0.00187514      1.07381    -0.656659  3.80325e-05
 2.65712e-06 -1.98277e-06  5.21337e-18     0.598053     0.801453 -9.73077e-06
   -0.273062     0.203762   2.7754e-17     0.203157     0.272251     0.999997
dot q: [-0.518447, 0.010611, 0.135227, -0.145817, 1.6e-05, 0.278696]
STEP 54
Posizione end effector iniziale: -0.766176  -3.15256   6.49894
det = 49.1332

J inversa
    0.266707    -0.207767            0    -0.207144    -0.265907  2.99681e-06
 -0.00460223   -0.0189278    -0.235439     0.166311    -0.139661  6.71305e-06
  -0.0616683    -0.253762     0.233456    -0.436621     0.204517 -1.34372e-05
   0.0662624     0.272696   0.00198286       1.0592    -0.679393  3.73293e-05
 2.37124e-06 -1.84722e-06  -9.6654e-18     0.614544     0.788879 -8.89077e-06
   -0.266707     0.207767  4.85796e-17     0.207149     0.265914     0.999997
dot q: [-0.505395, 0.01066, 0.14747, -0.158109, 1.4e-05, 0.264391]
STEP 55
Posizione end effector iniziale: -0.845335  -3.15563   6.49892
det = 49.5674

J inversa
    0.260277    -0.211349            0    -0.210715    -0.259496  2.69117e-06
 -0.00461102    -0.017205    -0.235435     0.165072    -0.143364  6.62365e-06
  -0.0678658    -0.253357     0.233344    -0.433203     0.214308 -1.33038e-05
    0.072469     0.270569   0.00209096      1.04443    -0.701303  3.67253e-05
 2.09544e-06 -1.70153e-06  8.58515e-18     0.630365     0.776295 -8.05078e-06
   -0.260277     0.211349 -2.30946e-17      0.21072     0.259502     0.999997
dot q: [-0.492258, 0.010473, 0.159626, -0.170081, 1.3e-05, 0.250073]
STEP 56
Posizione end effector iniziale: -0.924481   -3.1587   6.49889
det = 50.0333

J inversa
      0.2538    -0.214519  3.51481e-17    -0.213875    -0.253039  2.42882e-06
 -0.00450356   -0.0153803    -0.235429     0.163938    -0.147026  6.54631e-06
  -0.0740208    -0.252922     0.233232    -0.429761       0.2239 -1.31781e-05
   0.0785169     0.268309   0.00219705      1.02957    -0.722395   3.6157e-05
 1.86056e-06 -1.57259e-06   -3.643e-18     0.645527     0.763734 -7.33078e-06
     -0.2538     0.214519 -5.29949e-17      0.21388     0.253044     0.999998
dot q: [-0.47909, 0.01004, 0.171695, -0.181718, 1.4e-05, 0.235851]
STEP 57
Posizione end effector iniziale: -1.00362 -3.16178  6.49885
det = 50.5297

J inversa
    0.247305    -0.217288  3.51139e-17    -0.216637    -0.246563  2.18289e-06
 -0.00427554   -0.0134631     -0.23542     0.162906    -0.150655   6.4626e-06
  -0.0801329    -0.252462     0.233121     -0.42631     0.233297 -1.30307e-05
   0.0844013     0.265931   0.00229863      1.01464     -0.74268  3.55333e-05
 1.64478e-06 -1.44514e-06  1.10766e-17     0.660044     0.751224 -6.65079e-06
   -0.247305     0.217288  5.53989e-17     0.216641     0.246568     0.999998
dot q: [-0.46593, 0.009349, 0.183692, -0.193059, -2.5e-05, 0.221678]
STEP 58
Posizione end effector iniziale: -1.08274 -3.16486   6.4988
det = 51.0552

J inversa
    0.240816    -0.219673 -3.50798e-17    -0.219014    -0.240094  2.39537e-06
 -0.00392364   -0.0114626    -0.235409     0.161975    -0.154257  6.73638e-06
  -0.0862019    -0.251981     0.233015    -0.422864     0.242503 -1.34787e-05
   0.0901183      0.26345   0.00239311      0.99969     -0.76217  3.67074e-05
 1.77501e-06 -1.61917e-06 -1.53792e-17     0.673929     0.738793 -7.37078e-06
   -0.240816     0.219673 -4.99807e-18     0.219019     0.240099     0.999998
dot q: [-0.452865, 0.008416, 0.195553, -0.203951, 1.6e-05, 0.207585]
STEP 59
Posizione end effector iniziale: -1.16185 -3.16794  6.49875
det = 51.6082

J inversa
    0.234357     -0.22169  7.00912e-17    -0.221025    -0.233653   2.1391e-06
 -0.00344531  -0.00938839    -0.235394     0.161139    -0.157839  6.63984e-06
  -0.0922285    -0.251485     0.232916    -0.419433     0.251527 -1.33027e-05
    0.095667      0.26088   0.00247806     0.984767    -0.780884   3.5988e-05
 1.55866e-06 -1.47442e-06  4.25357e-18     0.687201     0.726464 -6.65079e-06
   -0.234357      0.22169 -5.03497e-17      0.22103     0.233658     0.999998
dot q: [-0.439897, 0.007215, 0.207371, -0.214569, 1.6e-05, 0.19378]
STEP 60
Posizione end effector iniziale: -1.24095 -3.17102   6.4987
det = 52.1875

J inversa
    0.227947    -0.223356 -7.00229e-17    -0.222686    -0.227263  1.89978e-06
 -0.00283887  -0.00724896    -0.235377     0.160395    -0.161407  6.54484e-06
  -0.0982141     -0.25098     0.232827    -0.416032     0.260376 -1.31232e-05
    0.101046     0.258235   0.00255078     0.969905    -0.798841  3.52636e-05
 1.36102e-06 -1.33362e-06  -8.8285e-18     0.699877     0.714261 -5.97079e-06
   -0.227947     0.223356   4.8818e-17      0.22269     0.227267     0.999998
dot q: [-0.427079, 0.005753, 0.219103, -0.224839, 1.7e-05, 0.180081]
STEP 61
Posizione end effector iniziale: -1.32004 -3.17412  6.49863
det = 52.7913

J inversa
    0.221605    -0.224689            0    -0.224015     -0.22094  1.66469e-06
 -0.00210335  -0.00505279    -0.235358     0.159741    -0.164966  6.44179e-06
    -0.10416    -0.250471     0.232749    -0.412671     0.269058 -1.29252e-05
    0.106257      0.25553   0.00260868     0.955138    -0.816063  3.44886e-05
 1.17247e-06 -1.18879e-06 -2.62455e-18     0.711976     0.702201 -5.29079e-06
   -0.221605     0.224689 -8.25799e-19     0.224019     0.220944     0.999998
dot q: [-0.414443, 0.004029, 0.230748, -0.234764, 1.5e-05, 0.166609]
STEP 62
Posizione end effector iniziale: -1.39911 -3.17722  6.49857
det = 53.418

J inversa
    0.215347    -0.225709            0    -0.225032    -0.214701  1.48384e-06
 -0.00123852  -0.00280799    -0.235336     0.159172    -0.168521  6.35825e-06
   -0.110069    -0.249964     0.232687    -0.409361     0.277583 -1.27494e-05
    0.111302     0.252778   0.00264913     0.940499    -0.832576  3.37963e-05
 1.02738e-06 -1.07682e-06   6.5893e-18     0.723519     0.690302 -4.77079e-06
   -0.215347     0.225709    2.123e-18     0.225036     0.214704     0.999999
dot q: [-0.402004, 0.002035, 0.242344, -0.244393, -2.7e-05, 0.153447]
STEP 63
Posizione end effector iniziale: -1.47818 -3.18032  6.49849
det = 54.0661

J inversa
    0.209189    -0.226435  3.49091e-17    -0.225756    -0.208561  1.63842e-06
-0.000244646 -0.000521849    -0.235313     0.158685    -0.172077  6.66882e-06
   -0.115943    -0.249464     0.232643    -0.406114     0.285961 -1.32774e-05
    0.116182     0.249992   0.00266943     0.926016    -0.848404  3.50938e-05
 1.11514e-06 -1.20708e-06 -8.60083e-18     0.734525     0.678579 -5.33079e-06
   -0.209189     0.226435 -2.79169e-18      0.22576     0.208565     0.999998
dot q: [-0.389829, -0.000207, 0.253839, -0.253618, 1.7e-05, 0.140544]
STEP 64
Posizione end effector iniziale: -1.55723 -3.18343  6.49842
det = 54.7335

J inversa
    0.203141    -0.226886            0    -0.226206    -0.202531  1.44853e-06
 0.000877586   0.00179826    -0.235288     0.158275    -0.175639  6.57039e-06
   -0.121787    -0.248977      0.23262    -0.402937     0.294204  -1.3072e-05
    0.120904     0.247185   0.00266711     0.911713    -0.863577  3.43069e-05
 9.69144e-07 -1.08243e-06  6.78484e-18     0.745017     0.667044 -4.77079e-06
   -0.203141     0.226886  5.37862e-17     0.226209     0.202534     0.999999
dot q: [-0.377898, -0.002712, 0.265291, -0.262565, 1.8e-05, 0.127948]
STEP 65
Posizione end effector iniziale: -1.63627 -3.18654  6.49834
det = 55.4185

J inversa
    0.197214    -0.227082  -3.4841e-17    -0.226401    -0.196622  1.26266e-06
    0.002127   0.00414615    -0.235262     0.157939    -0.179211   6.4625e-06
   -0.127603    -0.248508     0.232622    -0.399842     0.302323 -1.28472e-05
    0.125471     0.244368   0.00263953     0.897616    -0.878122  3.34699e-05
 8.30428e-07 -9.56198e-07  1.63718e-19     0.755014     0.655707  -4.2108e-06
   -0.197214     0.227082  -2.4168e-20     0.226404     0.196625     0.999999
dot q: [-0.366239, -0.005471, 0.276701, -0.271218, 1.4e-05, 0.115659]
STEP 66
Posizione end effector iniziale: -1.71531 -3.18966  6.49826
det = 56.1193

J inversa
    0.191417    -0.227041  6.96139e-17     -0.22636    -0.190842  1.10459e-06
  0.00350219   0.00651614    -0.235237     0.157675    -0.182796  6.39274e-06
   -0.133397    -0.248063     0.232652    -0.396836     0.310331 -1.26927e-05
     0.12989     0.241553   0.00258412     0.883744    -0.892069  3.28252e-05
 7.14137e-07 -8.47046e-07  2.33756e-17     0.764539     0.644576  -3.7308e-06
   -0.191417     0.227041 -4.48099e-17     0.226363     0.190845     0.999999
dot q: [-0.35487, -0.008469, 0.288037, -0.279514, -9e-06, 0.103715]
STEP 67
Posizione end effector iniziale: -1.79433 -3.19277  6.49817
det = 56.8337

J inversa
    0.185756    -0.226783            0    -0.226102    -0.185199  4.59096e-07
  0.00500136   0.00890292    -0.235212     0.157479      -0.1864  6.55387e-06
   -0.139173    -0.247647     0.232714    -0.393928     0.318241 -1.31681e-05
    0.134167      0.23875   0.00249845     0.870115    -0.905449  3.34994e-05
 2.91786e-07 -3.56231e-07  1.02328e-17     0.773612     0.633659  -1.5708e-06
   -0.185756     0.226783 -4.86821e-17     0.226104       0.1852            1
dot q: [-0.343782, -0.011743, 0.299416, -0.287692, -2.2e-05, 0.092027]
STEP 68
Posizione end effector iniziale: -1.87335 -3.19589  6.49808
det = 57.5599

J inversa
    0.180237    -0.226323 -6.94781e-17    -0.225644    -0.179696  6.72331e-07
  0.00662298    0.0113023     -0.23519     0.157349    -0.190026  6.83789e-06
   -0.144936    -0.247266     0.232811    -0.391126     0.326068 -1.36075e-05
    0.138308      0.23597   0.00237968     0.856746    -0.918289  3.45348e-05
 4.20097e-07 -5.27515e-07 -1.37396e-17     0.782252     0.622962  -2.3308e-06
   -0.180237     0.226323  4.77311e-17     0.225646     0.179698     0.999999
dot q: [-0.333032, -0.015237, 0.31072, -0.295476, 2.3e-05, 0.080783]
STEP 69
Posizione end effector iniziale: -1.95235 -3.19901  6.49799
det = 58.2956

J inversa
    0.174864    -0.225681  6.94103e-17    -0.225004    -0.174339  5.83743e-07
  0.00836515    0.0137101    -0.235172     0.157282    -0.193678  6.68436e-06
   -0.150693    -0.246925     0.232947    -0.388438     0.333825 -1.32604e-05
    0.142324     0.233221   0.00222549     0.843648    -0.930623  3.34213e-05
 3.58611e-07 -4.62827e-07 -5.82777e-18     0.790481     0.612486  -2.0508e-06
   -0.174864     0.225681 -5.33834e-17     0.225005      0.17434     0.999999
dot q: [-0.322576, -0.018973, 0.322039, -0.303057, 2.1e-05, 0.069865]
STEP 70
Posizione end effector iniziale: -2.03135 -3.20214  6.49791
det = 59.0386

J inversa
    0.169639    -0.224872  3.46713e-17    -0.224197     -0.16913  4.74839e-07
   0.0102261    0.0161232    -0.235159     0.157277    -0.197361  6.54913e-06
   -0.156451    -0.246629     0.233126     -0.38587     0.341528 -1.29604e-05
     0.14622     0.230512   0.00203332     0.830835    -0.942481  3.24165e-05
 2.86826e-07 -3.80213e-07  2.51006e-17     0.798318     0.602236  -1.6908e-06
   -0.169639     0.224872  6.99278e-18     0.224198     0.169131            1
dot q: [-0.312435, -0.022943, 0.333359, -0.310408, 2.2e-05, 0.059201]
STEP 71
Posizione end effector iniziale: -2.11034 -3.20526  6.49781
det = 59.7866

J inversa
    0.164564    -0.223911  3.46375e-17    -0.223239    -0.164071  3.79776e-07
    0.012204     0.018539    -0.235153     0.157331    -0.201078  6.40138e-06
   -0.162215    -0.246385     0.233353     -0.38343     0.349192 -1.26348e-05
    0.150007     0.227851   0.00180058     0.818317    -0.953892  3.13586e-05
 2.25585e-07 -3.06938e-07 -2.06176e-17     0.805782     0.592212  -1.3708e-06
   -0.164564     0.223911 -5.76268e-17      0.22324     0.164071            1
dot q: [-0.302608, -0.027148, 0.344709, -0.317555, 2e-05, 0.048975]
STEP 72
Posizione end effector iniziale: -2.18932 -3.20839  6.49772
det = 60.5372

J inversa
    0.159641    -0.222814            0    -0.222146    -0.159162  3.09024e-07
   0.0142975    0.0209555    -0.235156     0.157445    -0.204835  6.27112e-06
   -0.167994    -0.246197     0.233632    -0.381126     0.356834 -1.23402e-05
    0.153693     0.225247   0.00152465     0.806101    -0.964887  3.03943e-05
 1.80522e-07 -2.51958e-07  9.51845e-18     0.812891     0.582416  -1.1308e-06
   -0.159641     0.222814   2.6012e-18     0.222146     0.159162            1
dot q: [-0.293078, -0.031583, 0.356111, -0.324545, -2.5e-05, 0.039036]
STEP 73
Posizione end effector iniziale: -2.26829 -3.21151  6.49763
det = 61.2881

J inversa
    0.154868    -0.221594 -3.45701e-17    -0.220929    -0.154403  4.88077e-07
   0.0165052    0.0233714     -0.23517     0.157619    -0.208635      6.6e-06
   -0.173797    -0.246072     0.233968    -0.378964     0.364471 -1.28791e-05
    0.157287     0.222706   0.00120284     0.794197    -0.975495  3.16044e-05
 2.80435e-07 -4.01263e-07  1.59074e-17     0.819662     0.572846  -1.8108e-06
   -0.154868     0.221594  4.22088e-18     0.220931     0.154404            1
dot q: [-0.283889, -0.036228, 0.367538, -0.3313, 2.4e-05, 0.029426]
STEP 74
Posizione end effector iniziale: -2.34726 -3.21464  6.49754
det = 62.0365

J inversa
    0.150245    -0.220264            0    -0.219603    -0.149794  3.75029e-07
   0.0188261    0.0257856    -0.235198      0.15785    -0.212484  6.42919e-06
   -0.179631    -0.246015     0.234365     -0.37695      0.37212 -1.25222e-05
    0.160801     0.220234  0.000832572     0.782608    -0.985747  3.04582e-05
 2.11965e-07 -3.10749e-07  8.50891e-19     0.826114     0.563502  -1.4108e-06
   -0.150245     0.220264  1.79974e-19     0.219605     0.149795            1
dot q: [-0.275001, -0.041105, 0.37905, -0.337938, 2.2e-05, 0.02019]
STEP 75
Posizione end effector iniziale: -2.42622 -3.21777  6.49744
det = 62.7797

J inversa
     0.14577    -0.218837 -1.03509e-16     -0.21818    -0.145333  2.96443e-07
   0.0212596    0.0281981    -0.235241      0.15814    -0.216388  6.27527e-06
   -0.185506    -0.246032      0.23483    -0.375093     0.379801 -1.21923e-05
    0.164243     0.217839  0.000410929     0.771339    -0.995673  2.94022e-05
 1.64837e-07 -2.47461e-07  1.02415e-17     0.832263     0.554381  -1.1308e-06
    -0.14577     0.218837  1.06993e-16     0.218181     0.145333            1
dot q: [-0.266401, -0.046205, 0.390674, -0.344462, 2.2e-05, 0.011269]
STEP 76
Posizione end effector iniziale: -2.50518 -3.22089  6.49735
det = 63.5151

J inversa
    0.141442    -0.217323            0    -0.216671    -0.141017  2.19949e-07
   0.0238056    0.0306092    -0.235303      0.15849    -0.220353  6.11835e-06
   -0.191434    -0.246131     0.235368      -0.3734     0.387533 -1.18601e-05
    0.167625     0.215526 -6.50584e-05     0.760396      -1.0053   2.8347e-05
 1.20339e-07 -1.84899e-07 -1.49622e-17     0.838123     0.545481 -8.50801e-07
   -0.141442     0.217323 -3.86443e-18     0.216672     0.141018            1
dot q: [-0.258105, -0.051526, 0.402406, -0.350876, 2e-05, 0.002623]
STEP 77
Posizione end effector iniziale: -2.58412 -3.22401  6.49725
det = 64.2396

J inversa
    0.137257    -0.215733            0    -0.215086    -0.136845  1.76105e-07
   0.0264644      0.03302    -0.235387     0.158902    -0.224385  5.97863e-06
   -0.197425    -0.246317     0.235986    -0.371879     0.395336 -1.15558e-05
    0.170958     0.213301 -0.000598502     0.749781     -1.01466  2.73824e-05
 9.48175e-08 -1.49029e-07  -8.8731e-18      0.84371     0.536799 -6.90801e-07
   -0.137257     0.215733 -2.29524e-18     0.215087     0.136846            1
dot q: [-0.25008, -0.057076, 0.414293, -0.357237, -2.8e-05, -0.005708]
STEP 78
Posizione end effector iniziale: -2.66306 -3.22714  6.49716
det = 64.9502

J inversa
    0.133214    -0.214077 -3.44027e-17    -0.213435    -0.132814  3.74764e-07
   0.0292368     0.035432    -0.235497     0.159378    -0.228492  6.35611e-06
   -0.203491    -0.246598      0.23669    -0.370538     0.403233 -1.21853e-05
    0.174251     0.211171  -0.00119279     0.739498     -1.02378  2.87544e-05
 1.98596e-07 -3.19146e-07  1.01257e-17     0.849037     0.528332  -1.4908e-06
   -0.133214     0.214077  5.51011e-17     0.213436     0.132815            1
dot q: [-0.242375, -0.062836, 0.426318, -0.363476, 2.2e-05, -0.013704]
STEP 79
Posizione end effector iniziale: -2.74199 -3.23025  6.49707
det = 65.6436

J inversa
    0.129309    -0.212363   6.8739e-17    -0.211726    -0.128921  3.10059e-07
   0.0321245     0.037847    -0.235635     0.159919    -0.232682  6.19526e-06
   -0.209646    -0.246981     0.237486    -0.369385     0.411248 -1.18515e-05
    0.177519     0.209139  -0.00185131     0.729548     -1.03268  2.77014e-05
  1.6174e-07 -2.65624e-07 -1.98172e-17      0.85412     0.520076  -1.2508e-06
   -0.129309     0.212363 -5.74395e-17     0.211727     0.128921            1
dot q: [-0.234928, -0.068831, 0.438553, -0.369715, 2e-05, -0.021365]
STEP 80
Posizione end effector iniziale: -2.82092 -3.23337  6.49698
det = 66.3164

J inversa
    0.125538    -0.210601  3.43364e-17    -0.209969    -0.125161  2.37305e-07
   0.0351296    0.0402681    -0.235807     0.160529    -0.236965  6.05455e-06
   -0.215904    -0.247475     0.238385    -0.368431     0.419404 -1.15628e-05
    0.180772     0.207212  -0.00257799     0.719933     -1.04141  2.67535e-05
 1.21872e-07 -2.04451e-07  5.58783e-18     0.858969     0.512027 -9.70801e-07
   -0.125538     0.210601 -5.15661e-17      0.20997     0.125162            1
dot q: [-0.22775, -0.075054, 0.451002, -0.375941, 2e-05, -0.028842]
STEP 81
Posizione end effector iniziale: -2.89985 -3.23649  6.49688
det = 66.9652

J inversa
    0.121898    -0.208796  3.43033e-17     -0.20817    -0.121533  1.66517e-07
   0.0382552    0.0426983    -0.236016     0.161212    -0.241349  5.91105e-06
   -0.222281    -0.248089     0.239393    -0.367684      0.42773 -1.12719e-05
    0.184023     0.205395  -0.00337697     0.710657     -1.04998  2.58061e-05
 8.42075e-08 -1.44237e-07  7.11603e-18     0.863598     0.504181 -6.90801e-07
   -0.121898     0.208796 -5.14405e-17     0.208171     0.121533            1
dot q: [-0.220838, -0.081529, 0.463709, -0.382178, 2e-05, -0.03598]
STEP 82
Posizione end effector iniziale: -2.97876  -3.2396  6.49679
det = 67.586

J inversa
    0.118386    -0.206957 -3.42703e-17    -0.206336    -0.118031  1.45194e-07
   0.0415053    0.0451417    -0.236267     0.161973    -0.245848  5.76095e-06
   -0.228793    -0.248832      0.24052    -0.367157     0.436254 -1.09583e-05
    0.187286     0.203694  -0.00425298     0.701721     -1.05842  2.48426e-05
 7.23103e-08  -1.2641e-07 -9.41107e-19     0.868018     0.496533 -6.10801e-07
   -0.118386     0.206957 -2.23711e-19     0.206337     0.118031            1
dot q: [-0.214156, -0.088254, 0.476735, -0.388497, -2.8e-05, -0.042909]
STEP 83
Posizione end effector iniziale: -3.05767 -3.24271   6.4967
det = 68.175

J inversa
    0.114997     -0.20509   6.8475e-17    -0.204474    -0.114652  2.93219e-07
    0.044885    0.0476033    -0.236567     0.162818    -0.250472  6.16576e-06
   -0.235462    -0.249715     0.241778    -0.366864     0.445008 -1.16579e-05
    0.190574     0.202116  -0.00521112     0.693129     -1.06677  2.62574e-05
 1.43839e-07 -2.56526e-07 -4.16108e-18     0.872239     0.489079  -1.2508e-06
   -0.114997      0.20509    5.271e-17     0.204476     0.114653            1
dot q: [-0.207743, -0.095225, 0.490054, -0.394822, 2e-05, -0.049498]
STEP 84
Posizione end effector iniziale: -3.13657 -3.24582   6.4966
det = 68.7279

J inversa
    0.111728      -0.2032            0     -0.20259    -0.111393  2.24444e-07
   0.0484003     0.050088    -0.236921     0.163751    -0.255237  6.02068e-06
   -0.242306    -0.250749     0.243178    -0.366816     0.454028 -1.13721e-05
    0.193904     0.200665  -0.00625691     0.684883     -1.07506  2.53167e-05
 1.08466e-07 -1.97266e-07 -6.46039e-18     0.876273     0.481814 -9.70801e-07
   -0.111728       0.2032 -1.49362e-18     0.202591     0.111393            1
dot q: [-0.201559, -0.102476, 0.503764, -0.401282, 2e-05, -0.055901]
STEP 85
Posizione end effector iniziale: -3.21547 -3.24892  6.49651
det = 69.2402

J inversa
    0.108575    -0.201292  6.83441e-17    -0.200688    -0.108249  1.66638e-07
   0.0520588    0.0526022    -0.237335     0.164782     -0.26016  5.87186e-06
   -0.249351    -0.251948     0.244732     -0.36703      0.46335 -1.10798e-05
     0.19729      0.19935  -0.00739681     0.676986     -1.08332  2.43732e-05
 7.93467e-08 -1.47104e-07    4.962e-18     0.880129     0.474734 -7.30801e-07
   -0.108575     0.201292  5.50623e-17     0.200689      0.10825            1
dot q: [-0.195597, -0.110016, 0.517897, -0.407877, 1.8e-05, -0.062048]
STEP 86
Posizione end effector iniziale: -3.29436 -3.25202  6.49642
det = 69.7072

J inversa
    0.105534    -0.199371  3.37007e-17    -0.198773    -0.105217  1.28375e-07
   0.0558695    0.0551532    -0.237818     0.165917    -0.265257  5.74316e-06
   -0.256621    -0.253327     0.246456    -0.367525     0.473018 -1.08236e-05
     0.20075     0.198177  -0.00863797     0.669445     -1.09158  2.35257e-05
 6.02389e-08 -1.13802e-07   1.1499e-18     0.883817     0.467833 -5.70801e-07
   -0.105534     0.199371 -2.68638e-17     0.198774     0.105217            1
dot q: [-0.189853, -0.117862, 0.532503, -0.414638, 1.8e-05, -0.067969]
STEP 87
Posizione end effector iniziale: -3.37324 -3.25512  6.49632
det = 70.1238

J inversa
    0.102601    -0.197443           -0     -0.19685    -0.102293  1.00007e-07
   0.0598431    0.0577492    -0.238378     0.167168    -0.270551    5.611e-06
   -0.264148    -0.254901     0.248367     -0.36832     0.483079 -1.05615e-05
    0.204303     0.197155  -0.00998852     0.662264     -1.09987  2.26757e-05
 4.62527e-08 -8.90074e-08 -3.07858e-18     0.887344     0.461108 -4.50801e-07
   -0.102601     0.197443   -2.798e-17     0.196851     0.102293            1
dot q: [-0.184317, -0.126051, 0.547684, -0.421649, -2.8e-05, -0.073658]
STEP 88
Posizione end effector iniziale: -3.45211 -3.25821  6.49622
det = 70.4844

J inversa
   0.0997725    -0.195509 -3.21607e-17    -0.194923   -0.0994732  2.38708e-07
   0.0639925    0.0603998    -0.239025     0.168546    -0.276064  6.05087e-06
   -0.271963     -0.25669     0.250483     -0.36944     0.493585 -1.13357e-05
    0.207969     0.196294   -0.0114579     0.655451     -1.10824  2.41301e-05
 1.08832e-07 -2.13262e-07 -1.69967e-17     0.890719     0.454553  -1.0908e-06
  -0.0997725     0.195509  2.40896e-17     0.194924    0.0994737            1
dot q: [-0.179, -0.134568, 0.563405, -0.428785, -1e-06, -0.079119]
STEP 89
Posizione end effector iniziale: -3.53098  -3.2613  6.49612
det = 70.7833

J inversa
   0.0970448    -0.193575  3.14424e-17    -0.192994   -0.0967536 -2.13557e-07
   0.0683326    0.0631153    -0.239768     0.170063    -0.281824  6.22269e-06
   -0.280105    -0.258715     0.252825     -0.37091     0.504598 -1.17624e-05
    0.211771     0.195604   -0.0130564     0.649015     -1.11672   2.4425e-05
-9.59965e-08  1.91484e-07  7.75379e-18     0.893951     0.448164  9.89199e-07
  -0.0970448     0.193575  2.03634e-18     0.192993    0.0967532            1
dot q: [-0.17388, -0.143513, 0.579876, -0.436364, 2.4e-05, -0.084413]
STEP 90
Posizione end effector iniziale: -3.60984 -3.26437  6.49602
det = 71.0141

J inversa
   0.0944139    -0.191643           -0    -0.191068   -0.0941307 -2.02176e-07
   0.0728815    0.0659085    -0.240622     0.171735    -0.287862  6.01469e-06
   -0.288618    -0.261001     0.255419    -0.372762     0.516185  -1.1354e-05
    0.215735     0.195096   -0.0147968     0.642966     -1.12537  2.32645e-05
-8.96176e-08  1.81907e-07 -8.55871e-18     0.897047     0.441936  9.49199e-07
  -0.0944139     0.191643 -2.02831e-18     0.191067    0.0941303            1
dot q: [-0.16893, -0.152874, 0.597123, -0.444251, 2.1e-05, -0.089471]
STEP 91
Posizione end effector iniziale: -3.68868 -3.26745  6.49592
det = 71.1699

J inversa
   0.0918765    -0.189715  6.01962e-17    -0.189146   -0.0916009  -1.8267e-07
   0.0776606    0.0687937    -0.241599      0.17358    -0.294216  5.84108e-06
   -0.297551    -0.263575     0.258293    -0.375032     0.528426 -1.10116e-05
    0.219889     0.194785   -0.0166933     0.637319     -1.13422  2.22557e-05
-7.98589e-08    1.649e-07  1.09289e-17     0.900013     0.435864  8.69199e-07
  -0.0918765     0.189715 -2.63795e-17     0.189145    0.0916005            1
dot q: [-0.164168, -0.162706, 0.615242, -0.452536, 2e-05, -0.094376]
STEP 92
Posizione end effector iniziale: -3.76751 -3.27052  6.49581
det = 71.2434

J inversa
   0.0894291    -0.187795 -2.94683e-17    -0.187232   -0.0891608 -1.80252e-07
    0.082695    0.0717877    -0.242718     0.175618    -0.300927  5.67958e-06
   -0.306963    -0.266473     0.261481    -0.377762     0.541411 -1.06996e-05
    0.224266     0.194688   -0.0187628     0.632092     -1.14334  2.13053e-05
-7.77316e-08  1.63231e-07   1.5662e-18     0.902855     0.429945  8.69199e-07
  -0.0894291     0.187795  3.24794e-19     0.187231    0.0891604            1
dot q: [-0.159573, -0.173076, 0.63439, -0.461333, -2.7e-05, -0.0991]
STEP 93
Posizione end effector iniziale: -3.84633 -3.27358  6.49569
det = 71.2262

J inversa
   0.0870682    -0.185885           -0    -0.185327    -0.086807 -2.23475e-08
   0.0880148    0.0749103    -0.243996     0.177876    -0.308045  6.15772e-06
    -0.31692    -0.269731     0.265021    -0.381004     0.555246   -1.155e-05
    0.228904     0.194824   -0.0210251     0.627305     -1.15278  2.27575e-05
-9.50772e-09  2.02983e-08 -3.14187e-18     0.905581     0.424173  1.09199e-07
  -0.0870682     0.185885 -6.42982e-19     0.185327     0.086807            1
dot q: [-0.155162, -0.184021, 0.654647, -0.470623, 2.4e-05, -0.103628]
STEP 94
Posizione end effector iniziale: -3.92514 -3.27664  6.49557
det = 71.1096

J inversa
   0.0847905    -0.183986           -0    -0.183434   -0.0845362 -4.62927e-08
   0.0936562     0.078184    -0.245458      0.18038    -0.315628  5.94842e-06
   -0.327504    -0.273397     0.268961    -0.384815     0.570056  -1.1161e-05
    0.233846     0.195216   -0.0235036     0.622983     -1.16262  2.16179e-05
-1.94339e-08  4.21694e-08  3.34726e-24     0.908196     0.418545  2.29199e-07
  -0.0847905     0.183986  1.46042e-17     0.183434    0.0845361            1
dot q: [-0.150898, -0.195643, 0.676244, -0.4806, 2.2e-05, -0.107988]
STEP 95
Posizione end effector iniziale: -4.00393 -3.27968  6.49545
det = 70.8837

J inversa
   0.0825929    -0.182101  1.38642e-17    -0.181555   -0.0823451 -5.36664e-08
   0.0996625    0.0816366    -0.247129     0.183167    -0.323749  5.76098e-06
   -0.338807    -0.277525     0.273356    -0.389269     0.585989 -1.08118e-05
    0.239144     0.195892   -0.0262268      0.61916     -1.17295  2.05761e-05
-2.22339e-08  4.90214e-08 -3.88894e-24     0.910706     0.413055  2.69199e-07
  -0.0825929     0.182101 -1.44464e-17     0.181555     0.082345            1
dot q: [-0.14679, -0.208024, 0.699361, -0.491332, 2e-05, -0.11223]
STEP 96
Posizione end effector iniziale:  -4.0827 -3.28273  6.49531
det = 70.5374

J inversa
   0.0804722    -0.180231 -2.71933e-17    -0.179691   -0.0802308 -9.23329e-08
    0.106087     0.085301    -0.249044     0.186279     -0.33249  5.60515e-06
   -0.350946    -0.282183     0.278273    -0.394452     0.603224 -1.05326e-05
    0.244858     0.196885   -0.0292288     0.615876     -1.18385  1.96526e-05
-3.77575e-08  8.45643e-08  6.33602e-18     0.913116     0.407701  4.69199e-07
  -0.0804722     0.180231  1.62885e-17      0.17969    0.0802306            1
dot q: [-0.14283, -0.221277, 0.724223, -0.502946, 1.9e-05, -0.116265]
STEP 97
Posizione end effector iniziale: -4.16146 -3.28575  6.49517
det = 70.0586

J inversa
   0.0784256    -0.178378           -0    -0.177843   -0.0781903 -9.11524e-08
    0.112993    0.0892172    -0.251241     0.189768    -0.341956   5.4552e-06
   -0.364058    -0.287451     0.283792    -0.400469     0.621977 -1.02569e-05
    0.251063     0.198236   -0.0325514     0.613181     -1.19545   1.8767e-05
-3.67972e-08  8.36947e-08  1.42922e-17      0.91543     0.402477  4.69199e-07
  -0.0784256     0.178378  2.77657e-18     0.177842    0.0781901            1
dot q: [-0.139007, -0.235552, 0.751168, -0.515636, -2.7e-05, -0.120145]
STEP 98
Posizione end effector iniziale: -4.24019 -3.28877  6.49501
det = 69.4334

J inversa
     0.07645    -0.176543           -0    -0.176013   -0.0762207  6.34502e-08
    0.120462    0.0934345     -0.25377     0.193698    -0.352274  6.00917e-06
   -0.378313     -0.29343     0.290016    -0.407455     0.642512 -1.12675e-05
    0.257849     0.199998   -0.0362464      0.61114     -1.20789  2.03036e-05
 2.52898e-08 -5.84005e-08  3.18376e-18     0.917654     0.397381 -3.30801e-07
    -0.07645     0.176543 -1.49854e-17     0.176013    0.0762208            1
dot q: [-0.13533, -0.250989, 0.780491, -0.529501, 2.2e-05, -0.123925]
STEP 99
Posizione end effector iniziale: -4.31889 -3.29178  6.49484
det = 68.6461

J inversa
   0.0745428    -0.174726 -1.28531e-17    -0.174202   -0.0743192  5.50757e-08
    0.128594    0.0980138    -0.256691     0.198148    -0.363601  5.82729e-06
   -0.393924    -0.300244     0.297069     -0.41557     0.665162 -1.09412e-05
    0.265328     0.202233   -0.0403783     0.609832     -1.22135  1.92791e-05
 2.16772e-08 -5.08106e-08 -3.19118e-18     0.919791     0.392408 -2.90801e-07
  -0.0745428     0.174726  3.29373e-17     0.174202    0.0743193            1
dot q: [-0.131778, -0.26783, 0.812695, -0.544864, 2.2e-05, -0.127564]

Posizione end effector raggiunta: -4.39755 -3.29477  6.49465
CHECK COLLISIONI STEP 0
NO COLLISIONI

CHECK COLLISIONI STEP 1
NO COLLISIONI

CHECK COLLISIONI STEP 2
NO COLLISIONI

CHECK COLLISIONI STEP 3
NO COLLISIONI

CHECK COLLISIONI STEP 4
NO COLLISIONI

CHECK COLLISIONI STEP 5
NO COLLISIONI

CHECK COLLISIONI STEP 6
NO COLLISIONI

CHECK COLLISIONI STEP 7
NO COLLISIONI

CHECK COLLISIONI STEP 8
NO COLLISIONI

CHECK COLLISIONI STEP 9
NO COLLISIONI

CHECK COLLISIONI STEP 10
NO COLLISIONI

CHECK COLLISIONI STEP 11
NO COLLISIONI

CHECK COLLISIONI STEP 12
NO COLLISIONI

CHECK COLLISIONI STEP 13
NO COLLISIONI

CHECK COLLISIONI STEP 14
NO COLLISIONI

CHECK COLLISIONI STEP 15
NO COLLISIONI

CHECK COLLISIONI STEP 16
NO COLLISIONI

CHECK COLLISIONI STEP 17
NO COLLISIONI

CHECK COLLISIONI STEP 18
NO COLLISIONI

CHECK COLLISIONI STEP 19
NO COLLISIONI

CHECK COLLISIONI STEP 20
NO COLLISIONI

CHECK COLLISIONI STEP 21
NO COLLISIONI

CHECK COLLISIONI STEP 22
NO COLLISIONI

CHECK COLLISIONI STEP 23
NO COLLISIONI

CHECK COLLISIONI STEP 24
NO COLLISIONI

CHECK COLLISIONI STEP 25
NO COLLISIONI

CHECK COLLISIONI STEP 26
NO COLLISIONI

CHECK COLLISIONI STEP 27
NO COLLISIONI

CHECK COLLISIONI STEP 28
NO COLLISIONI

CHECK COLLISIONI STEP 29
NO COLLISIONI

CHECK COLLISIONI STEP 30
NO COLLISIONI

CHECK COLLISIONI STEP 31
NO COLLISIONI

CHECK COLLISIONI STEP 32
NO COLLISIONI

CHECK COLLISIONI STEP 33
NO COLLISIONI

CHECK COLLISIONI STEP 34
NO COLLISIONI

CHECK COLLISIONI STEP 35
NO COLLISIONI

CHECK COLLISIONI STEP 36
NO COLLISIONI

CHECK COLLISIONI STEP 37
NO COLLISIONI

CHECK COLLISIONI STEP 38
NO COLLISIONI

CHECK COLLISIONI STEP 39
NO COLLISIONI

CHECK COLLISIONI STEP 40
NO COLLISIONI

CHECK COLLISIONI STEP 41
NO COLLISIONI

CHECK COLLISIONI STEP 42
NO COLLISIONI

CHECK COLLISIONI STEP 43
NO COLLISIONI

CHECK COLLISIONI STEP 44
NO COLLISIONI

CHECK COLLISIONI STEP 45
NO COLLISIONI

CHECK COLLISIONI STEP 46
NO COLLISIONI

CHECK COLLISIONI STEP 47
NO COLLISIONI

CHECK COLLISIONI STEP 48
NO COLLISIONI

CHECK COLLISIONI STEP 49
NO COLLISIONI

CHECK COLLISIONI STEP 50
NO COLLISIONI

CHECK COLLISIONI STEP 51
NO COLLISIONI

CHECK COLLISIONI STEP 52
NO COLLISIONI

CHECK COLLISIONI STEP 53
NO COLLISIONI

CHECK COLLISIONI STEP 54
NO COLLISIONI

CHECK COLLISIONI STEP 55
NO COLLISIONI

CHECK COLLISIONI STEP 56
NO COLLISIONI

CHECK COLLISIONI STEP 57
NO COLLISIONI

CHECK COLLISIONI STEP 58
NO COLLISIONI

CHECK COLLISIONI STEP 59
NO COLLISIONI

CHECK COLLISIONI STEP 60
NO COLLISIONI

CHECK COLLISIONI STEP 61
NO COLLISIONI

CHECK COLLISIONI STEP 62
NO COLLISIONI

CHECK COLLISIONI STEP 63
NO COLLISIONI

CHECK COLLISIONI STEP 64
NO COLLISIONI

CHECK COLLISIONI STEP 65
NO COLLISIONI

CHECK COLLISIONI STEP 66
NO COLLISIONI

CHECK COLLISIONI STEP 67
NO COLLISIONI

CHECK COLLISIONI STEP 68
NO COLLISIONI

CHECK COLLISIONI STEP 69
NO COLLISIONI

CHECK COLLISIONI STEP 70
NO COLLISIONI

CHECK COLLISIONI STEP 71
NO COLLISIONI

CHECK COLLISIONI STEP 72
NO COLLISIONI

CHECK COLLISIONI STEP 73
NO COLLISIONI

CHECK COLLISIONI STEP 74
NO COLLISIONI

CHECK COLLISIONI STEP 75
NO COLLISIONI

CHECK COLLISIONI STEP 76
NO COLLISIONI

CHECK COLLISIONI STEP 77
NO COLLISIONI

CHECK COLLISIONI STEP 78
NO COLLISIONI

CHECK COLLISIONI STEP 79
NO COLLISIONI

CHECK COLLISIONI STEP 80
NO COLLISIONI

CHECK COLLISIONI STEP 81
NO COLLISIONI

CHECK COLLISIONI STEP 82
NO COLLISIONI

CHECK COLLISIONI STEP 83
NO COLLISIONI

CHECK COLLISIONI STEP 84
NO COLLISIONI

CHECK COLLISIONI STEP 85
NO COLLISIONI

CHECK COLLISIONI STEP 86
NO COLLISIONI

CHECK COLLISIONI STEP 87
NO COLLISIONI

CHECK COLLISIONI STEP 88
NO COLLISIONI

CHECK COLLISIONI STEP 89
NO COLLISIONI

CHECK COLLISIONI STEP 90
NO COLLISIONI

CHECK COLLISIONI STEP 91
NO COLLISIONI

CHECK COLLISIONI STEP 92
NO COLLISIONI

CHECK COLLISIONI STEP 93
NO COLLISIONI

CHECK COLLISIONI STEP 94
NO COLLISIONI

CHECK COLLISIONI STEP 95
NO COLLISIONI

CHECK COLLISIONI STEP 96
NO COLLISIONI

CHECK COLLISIONI STEP 97
NO COLLISIONI

CHECK COLLISIONI STEP 98
NO COLLISIONI

CHECK COLLISIONI STEP 99
NO COLLISIONI


MATRICE di q

2.14015 -0.0308866 -1.23936 -3.44218 -1.5708 3.61465 
2.12285 -0.0258872 -1.26267 -3.42387 -1.5708 3.64175 
2.10529 -0.0213531 -1.28492 -3.40615 -1.5708 3.66789 
2.08748 -0.017242 -1.30622 -3.38897 -1.57081 3.69315 
2.06938 -0.0135185 -1.32664 -3.37227 -1.57081 3.71762 
2.05099 -0.0101506 -1.34624 -3.35604 -1.57081 3.74138 
2.03229 -0.00711183 -1.36509 -3.34022 -1.57081 3.7645 
2.01327 -0.00437859 -1.38323 -3.32482 -1.57081 3.78705 
1.99392 -0.00192979 -1.4007 -3.3098 -1.57081 3.80909 
1.97422 0.00025333 -1.41754 -3.29514 -1.57081 3.8307 
1.95418 0.00218733 -1.43377 -3.28085 -1.57081 3.85192 
1.93377 0.00388905 -1.44942 -3.2669 -1.57081 3.8728 
1.913 0.00537241 -1.4645 -3.2533 -1.57081 3.8934 
1.89186 0.00665101 -1.47905 -3.24003 -1.57081 3.91376 
1.87034 0.00773769 -1.49306 -3.2271 -1.57081 3.93391 
1.84845 0.00864425 -1.50656 -3.21451 -1.57081 3.9539 
1.82618 0.00938377 -1.51956 -3.20225 -1.57082 3.97376 
1.80354 0.00996717 -1.53205 -3.19034 -1.57082 3.99351 
1.78052 0.0104059 -1.54405 -3.17878 -1.57082 4.01319 
1.75714 0.0107112 -1.55556 -3.16757 -1.57082 4.0328 
1.73341 0.010894 -1.56659 -3.15672 -1.57082 4.05238 
1.70932 0.0109649 -1.57714 -3.14625 -1.57082 4.07194 
1.6849 0.0109358 -1.58721 -3.13615 -1.57082 4.09148 
1.66016 0.0108172 -1.5968 -3.12644 -1.57082 4.11101 
1.63511 0.01062 -1.60591 -3.11713 -1.57082 4.13053 
1.60978 0.010355 -1.61454 -3.10824 -1.57082 4.15005 
1.58418 0.0100326 -1.62268 -3.09977 -1.57082 4.16957 
1.55834 0.00966417 -1.63035 -3.09174 -1.57082 4.18906 
1.53228 0.00926001 -1.63753 -3.08415 -1.57082 4.20853 
1.50603 0.00883033 -1.64422 -3.07703 -1.57082 4.22797 
1.47963 0.00838525 -1.65042 -3.07038 -1.57082 4.24734 
1.45309 0.00793405 -1.65613 -3.06422 -1.57083 4.26665 
1.42647 0.00748693 -1.66135 -3.05856 -1.57083 4.28585 
1.39979 0.00705233 -1.66606 -3.0534 -1.57083 4.30494 
1.37308 0.00663865 -1.67028 -3.04877 -1.57083 4.32387 
1.34639 0.00625341 -1.674 -3.04467 -1.57083 4.34264 
1.31976 0.00590389 -1.67721 -3.04111 -1.57083 4.3612 
1.29321 0.00559581 -1.67991 -3.0381 -1.57083 4.37953 
1.2668 0.00533537 -1.6821 -3.03564 -1.57083 4.3976 
1.24056 0.00512693 -1.68379 -3.03375 -1.57083 4.41538 
1.21453 0.00497341 -1.68496 -3.03242 -1.57083 4.43283 
1.18874 0.00487777 -1.68562 -3.03166 -1.57083 4.44993 
1.16322 0.00484097 -1.68577 -3.03148 -1.57083 4.46665 
1.13802 0.00486457 -1.68541 -3.03186 -1.57083 4.48296 
1.11317 0.00494693 -1.68453 -3.03282 -1.57083 4.49883 
1.08869 0.00508673 -1.68314 -3.03435 -1.57083 4.51425 
1.0646 0.00528125 -1.68124 -3.03644 -1.57083 4.52919 
1.04095 0.00552653 -1.67884 -3.03909 -1.57083 4.54362 
1.01774 0.00581837 -1.67592 -3.0423 -1.57083 4.55753 
0.994999 0.00615109 -1.6725 -3.04605 -1.57083 4.57091 
0.97274 0.00651809 -1.66858 -3.05033 -1.57083 4.58375 
0.950978 0.00691229 -1.66416 -3.05515 -1.57083 4.59603 
0.929725 0.00732561 -1.65925 -3.06048 -1.57083 4.60774 
0.908987 0.00775005 -1.65384 -3.06631 -1.57083 4.61889 
0.888771 0.00817645 -1.64794 -3.07263 -1.57083 4.62947 
0.869081 0.00859537 -1.64155 -3.07944 -1.57083 4.63947 
0.849917 0.00899697 -1.63469 -3.08671 -1.57083 4.6489 
0.83128 0.00937093 -1.62734 -3.09443 -1.57083 4.65777 
0.813165 0.00970757 -1.61952 -3.10259 -1.57083 4.66607 
0.795569 0.00999617 -1.61122 -3.11117 -1.57083 4.67383 
0.778486 0.0102263 -1.60246 -3.12016 -1.57082 4.68103 
0.761908 0.0103875 -1.59323 -3.12955 -1.57082 4.68769 
0.745828 0.0104689 -1.58353 -3.13933 -1.57082 4.69383 
0.730235 0.0104606 -1.57338 -3.14947 -1.57082 4.69945 
0.715119 0.0103521 -1.56277 -3.15998 -1.57082 4.70457 
0.70047 0.0101333 -1.5517 -3.17083 -1.57082 4.7092 
0.686275 0.00979449 -1.54018 -3.18201 -1.57082 4.71335 
0.672523 0.00932477 -1.5282 -3.19351 -1.57082 4.71703 
0.659202 0.00871529 -1.51577 -3.20533 -1.57082 4.72026 
0.646299 0.00795637 -1.50289 -3.21746 -1.57082 4.72305 
0.633802 0.00703865 -1.48956 -3.22987 -1.57082 4.72542 
0.621697 0.00595273 -1.47577 -3.24257 -1.57082 4.72738 
0.609974 0.00468941 -1.46152 -3.25556 -1.57082 4.72894 
0.598619 0.00324029 -1.44682 -3.26881 -1.57082 4.73012 
0.587619 0.00159609 -1.43166 -3.28232 -1.57082 4.73093 
0.576963 -0.00025211 -1.41603 -3.2961 -1.57082 4.73138 
0.566638 -0.00231315 -1.39994 -3.31014 -1.57082 4.73148 
0.556635 -0.00459619 -1.38337 -3.32443 -1.57082 4.73125 
0.54694 -0.00710963 -1.36631 -3.33897 -1.57082 4.7307 
0.537543 -0.00986287 -1.34877 -3.35376 -1.57082 4.72985 
0.528433 -0.012865 -1.33073 -3.36879 -1.57082 4.7287 
0.5196 -0.0161262 -1.31218 -3.38408 -1.57082 4.72726 
0.511033 -0.0196563 -1.29311 -3.39962 -1.57082 4.72554 
0.502724 -0.0234653 -1.27351 -3.41541 -1.57082 4.72356 
0.494661 -0.0275644 -1.25336 -3.43146 -1.57082 4.72133 
0.486837 -0.031965 -1.23265 -3.44778 -1.57081 4.71884 
0.479243 -0.0366795 -1.21134 -3.46436 -1.57081 4.71612 
0.471871 -0.0417215 -1.18944 -3.48123 -1.57082 4.71318 
0.464711 -0.0471043 -1.1669 -3.49838 -1.57082 4.71001 
0.457755 -0.0528448 -1.14371 -3.51584 -1.57081 4.70664 
0.450998 -0.0589597 -1.11982 -3.53361 -1.57081 4.70306 
0.444432 -0.065468 -1.09521 -3.55171 -1.57081 4.69928 
0.438049 -0.072391 -1.06984 -3.57016 -1.57081 4.69532 
0.431842 -0.0797519 -1.04365 -3.58899 -1.57081 4.69117 
0.425806 -0.0875776 -1.0166 -3.60821 -1.57081 4.68685 
0.419935 -0.0958985 -0.988626 -3.62786 -1.57081 4.68237 
0.414221 -0.10475 -0.959657 -3.64798 -1.57081 4.67771 
0.408661 -0.114172 -0.92961 -3.66861 -1.57081 4.67291 
0.403248 -0.124211 -0.898391 -3.68979 -1.57081 4.66795 
0.397977 -0.134924 -0.865883 -3.71158 -1.57081 4.66285 

