STEP 1
Posizione end effector iniziale: 2.49635 -2.9671  6.5176
det = 60.4823

J inversa
    0.257713    0.0936391 -3.74178e-17    0.0933566    -0.256936   0.00158441
  -0.0162747    0.0193633    -0.235295     0.240936    0.0967556 -4.88824e-05
    0.191828    -0.228238      0.23531    -0.447803    -0.271279  0.000588854
   -0.175555     0.208875 -1.42456e-05      1.14675     0.516027 -0.000534964
  0.00149363  0.000542707 -1.07424e-17    -0.340956     0.938376  -0.00578654
   -0.257709   -0.0936375  2.31212e-17   -0.0953343     0.262379     0.998399
dot q: [-0.068642, 0.017696, -0.199133, 0.180236, -0.001185, 0.341567]
STEP 2
Posizione end effector iniziale:  2.47853 -2.94726   6.5173
det = 60.0588

J inversa
    0.259989    0.0936587            0    0.0933762    -0.259204   0.00161005
  -0.0151056     0.017976     -0.23528     0.239773    0.0949933 -3.38647e-05
    0.190639    -0.226922     0.235113    -0.446528    -0.269435  0.000570149
   -0.175547     0.208941  0.000167023      1.14756     0.513376 -0.000483954
  0.00151931   0.00054732 -2.04993e-18    -0.338369     0.939284  -0.00583436
   -0.259984   -0.0936571 -2.66832e-17   -0.0953551     0.264698     0.998373
dot q: [-0.068839, 0.016232, -0.195399, 0.178086, -0.001114, 0.308]
STEP 3
Posizione end effector iniziale:  2.46093 -2.92769  6.51702
det = 59.6356

J inversa
    0.262275    0.0936672            0    0.0933845    -0.261484   0.00163461
  -0.0139517    0.0166059    -0.235268      0.23863     0.093244 -1.96366e-05
    0.189479    -0.225642     0.234935    -0.445306    -0.267625  0.000552647
   -0.175553     0.209027  0.000333054      1.14841     0.510735 -0.000436196
  0.00154401  0.000551419   9.8368e-18    -0.335773     0.940189  -0.00587738
    -0.26227   -0.0936655  2.78913e-18   -0.0953629     0.267023     0.998348
dot q: [-0.06911, 0.014867, -0.192077, 0.176332, -0.001029, 0.276494]
STEP 4
Posizione end effector iniziale:  2.44353 -2.90834  6.51675
det = 59.2124

J inversa
    0.264575    0.0936646            0     0.093382    -0.263776   0.00165715
  -0.0128107    0.0152501    -0.235259     0.237502    0.0915043 -6.30096e-06
    0.188347    -0.224393     0.234774    -0.444132    -0.265844  0.000536265
   -0.175572      0.20913  0.000484925      1.14929     0.508101  -0.00039206
  0.00156684  0.000554693 -2.42317e-18    -0.333165     0.941092  -0.00591231
    -0.26457   -0.0936629 -7.13737e-19   -0.0953567     0.269354     0.998325
dot q: [-0.069476, 0.013558, -0.189058, 0.174764, -0.000953, 0.246965]
STEP 5
Posizione end effector iniziale:   2.4263 -2.88919   6.5165
det = 58.7887

J inversa
    0.266891    0.0936507            0    0.0933681    -0.266085   0.00167832
  -0.0116807    0.0139065    -0.235253     0.236387    0.0897715  6.22806e-06
    0.187238    -0.223174      0.23463    -0.443002     -0.26409  0.000521042
   -0.175604     0.209251  0.000623268      1.15019     0.505469 -0.000351313
  0.00158842  0.000557368 -6.66569e-18    -0.330541     0.941994  -0.00594158
   -0.266886    -0.093649  2.41357e-17    -0.095337     0.271696     0.998304
dot q: [-0.069896, 0.012287, -0.186285, 0.173345, -0.000885, 0.219391]
STEP 6
Posizione end effector iniziale:  2.40923 -2.87022  6.51625
det = 58.3645

J inversa
    0.269226    0.0936254  3.86808e-17    0.0933429    -0.268413   0.00169877
  -0.0105601    0.0125733     -0.23525     0.235284    0.0880438  1.80285e-05
    0.186152    -0.221982     0.234502    -0.441913    -0.262359  0.000507033
   -0.175648     0.209388  0.000748517      1.15113     0.502836  -0.00031377
  0.00160935  0.000559663 -2.88595e-18      -0.3279     0.942895  -0.00596753
   -0.269221   -0.0936238 -2.68742e-17   -0.0953047     0.274054     0.998283
dot q: [-0.070403, 0.01109, -0.183824, 0.172253, -0.000809, 0.193538]
STEP 7
Posizione end effector iniziale:  2.39228 -2.85141  6.51602
det = 57.9394

J inversa
    0.271582    0.0935886   1.9468e-17    0.0933061    -0.270763   0.00171748
 -0.00944738    0.0112484    -0.235249      0.23419    0.0863183  2.90542e-05
    0.185086    -0.220814     0.234388    -0.440863    -0.260647  0.000494013
   -0.175705     0.209543   0.00086147      1.15209     0.500199 -0.000279476
  0.00162866  0.000561244   -9.621e-18    -0.325237     0.943797  -0.00598662
   -0.271578   -0.0935869  2.32048e-17   -0.0952583     0.276428     0.998265
dot q: [-0.070957, 0.009903, -0.181517, 0.171197, -0.000745, 0.169311]
STEP 8
Posizione end effector iniziale:  2.37546 -2.83274  6.51579
det = 57.5133

J inversa
    0.273963    0.0935399 -1.95963e-17    0.0932575    -0.273136   0.00173567
 -0.00834128    0.0099304     -0.23525     0.233105    0.0845936  3.94108e-05
    0.184039    -0.219669     0.234288    -0.439849    -0.258954  0.000482164
   -0.175772     0.209713  0.000962263      1.15308     0.497554  -0.00024824
   0.0016475  0.000562512  4.04569e-18    -0.322551     0.944699  -0.00600317
   -0.273958   -0.0935382  1.20741e-18    -0.095199     0.278822     0.998246
dot q: [-0.071574, 0.008764, -0.17943, 0.170359, -0.000682, 0.146696]
STEP 9
Posizione end effector iniziale:  2.35874 -2.81419  6.51558
det = 57.086

J inversa
     0.27637     0.093479            0    0.0931969    -0.275536   0.00175278
 -0.00724055   0.00861779    -0.235253     0.232026    0.0828678  4.91288e-05
    0.183009    -0.218546     0.234202    -0.438869    -0.257276  0.000471258
   -0.175852       0.2099   0.00105141      1.15409       0.4949 -0.000219825
  0.00166537  0.000563294  1.26103e-17    -0.319839     0.945602  -0.00601532
   -0.276365   -0.0934773  3.75051e-18   -0.0951259     0.281239     0.998229
dot q: [-0.072262, 0.007664, -0.177542, 0.16972, -0.000606, 0.125494]
STEP 10
Posizione end effector iniziale:  2.34211 -2.79574  6.51536
det = 56.6573

J inversa
    0.278805    0.0934056  1.98556e-17    0.0931236    -0.277964   0.00176836
 -0.00614394   0.00730912    -0.235257     0.230952    0.0811386  5.80963e-05
    0.181995    -0.217442     0.234128    -0.437922    -0.255612  0.000461374
   -0.175942     0.210103   0.00112935      1.15514     0.492233 -0.000194717
  0.00168181  0.000563441   1.1137e-17      -0.3171     0.946508  -0.00602154
     -0.2788   -0.0934039 -2.26717e-17   -0.0950382     0.283678     0.998214
dot q: [-0.072983, 0.006558, -0.175736, 0.169062, -0.000552, 0.105661]
STEP 11
Posizione end effector iniziale:  2.32556 -2.77739  6.51515
det = 56.2271

J inversa
    0.281271    0.0933192 -1.99868e-17    0.0930375    -0.280422   0.00178364
 -0.00505077   0.00600347    -0.235263     0.229882    0.0794055  6.65205e-05
    0.180997    -0.216357     0.234067    -0.437005    -0.253959  0.000452501
   -0.176044     0.210321   0.00119602      1.15622     0.489551 -0.000172232
  0.00169799  0.000563353   7.8014e-18    -0.314331     0.947415  -0.00602608
   -0.281266   -0.0933175  5.43636e-17   -0.0949368     0.286147     0.998198
dot q: [-0.07377, 0.005485, -0.174097, 0.168583, -0.000496, 0.08714]
STEP 12
Posizione end effector iniziale:  2.30908 -2.75912  6.51495
det = 55.7953

J inversa
    0.283769    0.0932194  2.01192e-17     0.092938    -0.282912   0.00179807
    -0.00396   0.00469958    -0.235269     0.228814    0.0776666  7.43976e-05
    0.180013    -0.215289     0.234017    -0.436117    -0.252317  0.000444478
   -0.176157     0.210556   0.00125178      1.15732     0.486852 -0.000152287
   0.0017134  0.000562859  7.40534e-18    -0.311529     0.948325  -0.00602715
   -0.283764   -0.0932177  -2.3745e-17   -0.0948208     0.288644     0.998184
dot q: [-0.074599, 0.004421, -0.172566, 0.168189, -0.000392, 0.069859]
STEP 13
Posizione end effector iniziale:  2.29267 -2.74092  6.51475
det = 55.3617

J inversa
    0.286301    0.0931058            0    0.0928247    -0.285437   0.00181182
  -0.0028707   0.00339651    -0.235276     0.227748      0.07592  8.12768e-05
    0.179042    -0.214238     0.233979    -0.435258    -0.250682   0.00043829
   -0.176281     0.210806   0.00129673      1.15845     0.484133 -0.000137332
  0.00172819  0.000562009 -5.97152e-18    -0.308694     0.949237  -0.00602531
   -0.286296   -0.0931041  2.41817e-17   -0.0946898     0.291172      0.99817
dot q: [-0.075462, 0.003364, -0.171102, 0.167815, -0.000404, 0.053602]
STEP 14
Posizione end effector iniziale:   2.2763 -2.72279  6.51455
det = 54.9265

J inversa
     0.28887    0.0929777 -2.03877e-17    0.0926971    -0.287998   0.00182536
 -0.00178262   0.00209348    -0.235284     0.226683    0.0741664  8.82711e-05
    0.178083    -0.213202     0.233953    -0.434425    -0.249056  0.000431815
   -0.176416     0.211072   0.00133096      1.15961     0.481394 -0.000121726
   0.0017428   0.00056095 -1.90579e-18    -0.305823     0.950152  -0.00602215
   -0.288865   -0.0929761 -5.89167e-19   -0.0945439     0.293736     0.998157
dot q: [-0.076369, 0.002337, -0.16978, 0.167646, -0.000349, 0.038566]
STEP 15
Posizione end effector iniziale:    2.26 -2.7047 6.51436
det = 54.4895

J inversa
    0.291476     0.092835            0    0.0925548    -0.290596   0.00183755
-0.000694684  0.000789456    -0.235292     0.225618    0.0724033  9.47509e-05
    0.177137    -0.212181     0.233938    -0.433617    -0.247435  0.000425971
   -0.176562     0.211353   0.00135478       1.1608     0.478633 -0.000108433
  0.00175616  0.000559335  1.29926e-17    -0.302915      0.95107  -0.00601397
   -0.291471   -0.0928333  4.02941e-18   -0.0943816     0.296332     0.998144
dot q: [-0.077336, 0.001305, -0.168518, 0.167481, -0.000301, 0.024445]
STEP 16
Posizione end effector iniziale:  2.24372 -2.68668  6.51417
det = 54.0505

J inversa
    0.294122    0.0926766  2.06617e-17    0.0923969    -0.293234   0.00184912
 0.000393665   -0.0005163    -0.235301      0.22455    0.0706297  0.000100785
    0.176201    -0.211174     0.233933    -0.432835    -0.245819  0.000420863
    -0.17672     0.211651   0.00136813      1.16202     0.475846 -9.73468e-05
  0.00176895  0.000557387   3.9739e-18    -0.299968     0.951992   -0.0060032
   -0.294117   -0.0926749  1.22898e-18   -0.0942027     0.298965     0.998133
dot q: [-0.07832, 0.000264, -0.167289, 0.167306, -0.000267, 0.011239]
STEP 17
Posizione end effector iniziale:  2.22749 -2.66869  6.51398
det = 53.6097

J inversa
    0.296809    0.0925021 -2.08009e-17     0.092223    -0.295914    0.0018607
  0.00148283  -0.00182435    -0.235309     0.223482    0.0688454  0.000106512
    0.175276     -0.21018     0.233938    -0.432077    -0.244207  0.000416427
   -0.176889     0.211964   0.00137092      1.16326     0.473033 -8.79827e-05
  0.00178177  0.000555298  1.49872e-18    -0.296981     0.952916  -0.00599191
   -0.296804   -0.0925005 -2.54984e-17   -0.0940075     0.301639     0.998121
dot q: [-0.079382, -0.000748, -0.166184, 0.167318, -0.000171, -0.000937]
STEP 18
Posizione end effector iniziale:   2.2113 -2.65075  6.51379
det = 53.1669

J inversa
     0.29954    0.0923107            0    0.0920321    -0.298636   0.00187115
  0.00257377  -0.00313561    -0.235318     0.222409    0.0670477  0.000111362
    0.174361    -0.209199     0.233954    -0.431342    -0.242597  0.000413466
   -0.177068     0.212294   0.00136346      1.16454     0.470191 -8.30497e-05
  0.00179354  0.000552724 -3.41295e-18    -0.293951     0.953844  -0.00597644
   -0.299535   -0.0923091  2.49045e-17   -0.0937939     0.304353     0.998111
dot q: [-0.080431, -0.00178, -0.165067, 0.167245, -0.000194, -0.012391]
STEP 19
Posizione end effector iniziale:  2.19513 -2.63283  6.51361
det = 52.7223

J inversa
    0.302315     0.092102            0     0.091824    -0.301403    0.0018816
  0.00366637  -0.00445048    -0.235325     0.221334    0.0652381  0.000116445
    0.173457     -0.20823      0.23398    -0.430629     -0.24099  0.000410064
   -0.177259     0.212639   0.00134552      1.16585     0.467321 -7.69894e-05
  0.00180534  0.000550008 -5.74497e-18    -0.290877     0.954775  -0.00596049
    -0.30231   -0.0921004 -1.88525e-18   -0.0935628      0.30711     0.998101
dot q: [-0.081547, -0.002791, -0.164053, 0.167349, -0.000154, -0.023065]
STEP 20
Posizione end effector iniziale:  2.17898 -2.61494  6.51342
det = 52.2756

J inversa
    0.305137    0.0918751            0    0.0915978    -0.304216   0.00189087
  0.00476152  -0.00576979    -0.235333     0.220253    0.0634143  0.000121174
    0.172561    -0.207273     0.234016    -0.429938    -0.239384  0.000407032
   -0.177462     0.213001   0.00131731      1.16718      0.46442 -7.25414e-05
  0.00181603  0.000546797 -6.78798e-18    -0.287759      0.95571  -0.00594027
   -0.305132   -0.0918734 -2.82008e-17   -0.0933121      0.30991     0.998092
dot q: [-0.082707, -0.003824, -0.163038, 0.167367, -0.000126, -0.03295]
STEP 21
Posizione end effector iniziale:  2.16286 -2.59708  6.51324
det = 51.8271

J inversa
    0.308007    0.0916289 -2.13744e-17    0.0913524    -0.307078    0.0019003
  0.00585948  -0.00709395     -0.23534     0.219167    0.0615759  0.000125672
    0.171674    -0.206327     0.234061    -0.429269    -0.237777  0.000404581
   -0.177676     0.213379    0.0012786      1.16854     0.461486  -6.9563e-05
  0.00182689  0.000543481 -4.30438e-18    -0.284593     0.956648  -0.00592005
   -0.308002   -0.0916273 -1.40723e-18   -0.0930421     0.312757     0.998082
dot q: [-0.083903, -0.004849, -0.162076, 0.167472, -5.1e-05, -0.042082]
STEP 22
Posizione end effector iniziale:  2.14676 -2.57925  6.51305
det = 51.3766

J inversa
    0.310927    0.0913628  2.15222e-17    0.0910871    -0.309989   0.00190934
  0.00696086  -0.00842353    -0.235345     0.218076    0.0597214   0.00012952
    0.170796    -0.205392     0.234116    -0.428621     -0.23617  0.000403424
   -0.177901     0.213774   0.00122946      1.16994     0.458516 -7.02217e-05
  0.00183741  0.000539904 -7.00809e-18    -0.281378     0.957589  -0.00589816
   -0.310921   -0.0913613 -2.29303e-18   -0.0927516     0.315653     0.998073
dot q: [-0.085121, -0.005876, -0.161156, 0.167629, -7.6e-05, -0.050682]
STEP 23
Posizione end effector iniziale:  2.13068 -2.56143  6.51287
det = 50.9242

J inversa
    0.313898    0.0910761            0    0.0908013    -0.312951   0.00191789
  0.00806585  -0.00975921     -0.23535     0.216977    0.0578512  0.000133617
    0.169926    -0.204468      0.23418    -0.427993    -0.234561  0.000401616
   -0.178139     0.214185   0.00116985      1.17136     0.455512 -6.94806e-05
  0.00184747  0.000536034 -2.28634e-18    -0.278114     0.958533  -0.00587428
   -0.313893   -0.0910745 -7.59935e-19   -0.0924398     0.318598     0.998065
dot q: [-0.08638, -0.006901, -0.160258, 0.167804, -5.3e-05, -0.058619]
STEP 24
Posizione end effector iniziale:  2.11461 -2.54364  6.51269
det = 50.4699

J inversa
    0.316923    0.0907677            0    0.0904939    -0.315967   0.00192597
  0.00917489   -0.0111014    -0.235353     0.215871    0.0559639  0.000137533
    0.169065    -0.203554     0.234253    -0.427385    -0.232951  0.000400076
   -0.178388     0.214613   0.00109977      1.17282     0.452471 -6.97444e-05
   0.0018571  0.000531878  1.25613e-17    -0.274798     0.959481  -0.00584848
   -0.316918   -0.0907662  4.21024e-18   -0.0921057     0.321595     0.998057
dot q: [-0.087708, -0.007936, -0.1594, 0.168015, 2.2e-05, -0.065879]
STEP 25
Posizione end effector iniziale:  2.09856 -2.52585  6.51251
det = 50.0137

J inversa
    0.320004    0.0904364  4.39545e-17    0.0901636    -0.319038   0.00193374
   0.0102886   -0.0124506    -0.235355     0.214757    0.0540579  0.000140817
     0.16821    -0.202651     0.234336    -0.426796    -0.231336   0.00039984
   -0.178649     0.215059   0.00101909       1.1743     0.449389 -7.36745e-05
  0.00186646   0.00052748  1.16672e-18    -0.271428     0.960432  -0.00582133
   -0.319998   -0.0904349 -2.56226e-17   -0.0917483     0.324646     0.998049
dot q: [-0.089026, -0.008973, -0.15855, 0.168244, -1.1e-05, -0.072696]
STEP 26
Posizione end effector iniziale:  2.08252 -2.50808  6.51233
det = 49.5557

J inversa
    0.323141    0.0900817   2.2133e-17    0.0898099    -0.322166    0.0019411
   0.0114071   -0.0138074    -0.235355     0.213634    0.0521342  0.000144421
    0.167364    -0.201756     0.234427    -0.426227    -0.229719  0.000398828
   -0.178923     0.215522  0.000927789      1.17582     0.446268  -7.5831e-05
  0.00187544  0.000522813   6.0139e-18    -0.268004     0.961385   -0.0057925
   -0.323136   -0.0900802 -2.39769e-17   -0.0913669     0.327751     0.998042
dot q: [-0.090434, -0.010016, -0.157738, 0.16851, 5.7e-05, -0.078879]
STEP 27
Posizione end effector iniziale:  2.06649 -2.49032  6.51215
det = 49.0958

J inversa
   0.326338   0.0897018           0   0.0894312   -0.325353  0.00194814
  0.0125309  -0.0151724   -0.235353    0.212502   0.0501902 0.000147465
   0.166525   -0.200872    0.234528   -0.425677   -0.228096  0.00039897
  -0.179208    0.216003 0.000825762     1.17737    0.443104 -8.1296e-05
 0.00188412 0.000517896 5.47837e-19   -0.264523    0.962342 -0.00576228
  -0.326332  -0.0897004 1.76922e-19    -0.09096    0.330915    0.998035
dot q: [-0.091831, -0.011056, -0.156933, 0.168784, 2.3e-05, -0.084707]
STEP 28
Posizione end effector iniziale:  2.05046 -2.47258  6.51197
det = 48.6341

J inversa
    0.329595    0.0892963            0    0.0890269    -0.328601   0.00195479
   0.0136602   -0.0165458    -0.235349     0.211359    0.0482269  0.000150835
    0.165693    -0.199997     0.234636    -0.425144    -0.226469  0.000398329
   -0.179507     0.216501  0.000713017      1.17895     0.439897 -8.49455e-05
  0.00189244  0.000512715 -4.72591e-18    -0.260985     0.963301   -0.0057305
   -0.329589   -0.0892948 -1.64916e-18    -0.090527     0.334137     0.998029
dot q: [-0.093306, -0.012129, -0.156124, 0.169028, 7.9e-05, -0.089944]
STEP 29
Posizione end effector iniziale:  2.03445 -2.45484  6.51179
det = 48.1707

J inversa
    0.332915    0.0888634            0    0.0885954    -0.331911   0.00196185
   0.0147954   -0.0179282    -0.235343     0.210205    0.0462422  0.000153778
    0.164868    -0.199131     0.234754     -0.42463    -0.224835  0.000398841
   -0.179817     0.217018  0.000589188      1.18056     0.436645 -9.15572e-05
  0.00190119  0.000507475  4.29948e-18    -0.257386     0.964261  -0.00569953
   -0.332909    -0.088862  1.49633e-18   -0.0900667     0.337423     0.998022
dot q: [-0.094804, -0.013178, -0.155383, 0.169424, 4.6e-05, -0.094816]
STEP 30
Posizione end effector iniziale:  2.01845 -2.43711  6.51161
det = 47.7055

J inversa
      0.3363    0.0884022  2.27775e-17    0.0881356    -0.335286   0.00196784
   0.0159369   -0.0193203    -0.235335     0.209039    0.0442362  0.000157016
     0.16405    -0.198274      0.23488    -0.424134    -0.223196  0.000398377
   -0.180142     0.217554  0.000454487       1.1822     0.433347 -9.61706e-05
  0.00190891  0.000501789 -9.51006e-18    -0.253726     0.965225  -0.00566504
   -0.336295   -0.0884008  -3.3575e-18   -0.0895772      0.34077     0.998016
dot q: [-0.09634, -0.014256, -0.154602, 0.169704, 5e-05, -0.099218]
STEP 31
Posizione end effector iniziale:  2.00245 -2.41939  6.51143
det = 47.2386

J inversa
    0.339752    0.0879112            0    0.0876461    -0.338727    0.0019742
    0.017085   -0.0207223    -0.235324     0.207861    0.0422082  0.000160272
    0.163239    -0.197426     0.235015    -0.423655    -0.221549   0.00039808
    -0.18048     0.218108  0.000308584      1.18387         0.43 -0.000101129
    0.001917  0.000496028  7.00543e-18    -0.250003      0.96619  -0.00563123
   -0.339746   -0.0879098  2.49982e-18   -0.0890581     0.344184      0.99801
dot q: [-0.097959, -0.015322, -0.153899, 0.170142, 0.000117, -0.103219]
STEP 32
Posizione end effector iniziale:  1.98645 -2.40167  6.51125
det = 46.77

J inversa
    0.343273    0.0873888 -2.31136e-17    0.0871252    -0.342238   0.00197965
   0.0182404   -0.0221351    -0.235309     0.206669    0.0401557  0.000162983
    0.162434    -0.196587     0.235158    -0.423194    -0.219894  0.000398718
    -0.18083     0.218682  0.000151564      1.18558     0.426602  -0.00010915
  0.00192423   0.00048986 -5.91333e-18    -0.246214     0.967157  -0.00559443
   -0.343268   -0.0873874  2.39846e-17   -0.0885068     0.347665     0.998005
dot q: [-0.099564, -0.016414, -0.153141, 0.170457, 6.6e-05, -0.106907]
STEP 33
Posizione end effector iniziale:  1.97047 -2.38395  6.51107
det = 46.2998

J inversa
    0.346866    0.0868339            0     0.086572     -0.34582   0.00198549
   0.0194029   -0.0235588    -0.235292     0.205463    0.0380804  0.000166178
    0.161636    -0.195756     0.235309     -0.42275    -0.218231  0.000398507
   -0.181195     0.219275 -1.68785e-05      1.18731     0.423154 -0.000114772
  0.00193185  0.000483617  9.50387e-19    -0.242359     0.968124  -0.00555839
   -0.346861   -0.0868326   1.3407e-17   -0.0879232     0.351217     0.997999
dot q: [-0.101276, -0.017494, -0.152463, 0.170936, 0.000128, -0.110174]
STEP 34
Posizione end effector iniziale:  1.95448 -2.36625  6.51089
det = 45.8279

J inversa
    0.350533    0.0862444  2.34596e-17    0.0859843    -0.349476   0.00199037
   0.0205736   -0.0249943    -0.235272     0.204242    0.0359789  0.000168871
    0.160844    -0.194934     0.235469    -0.422322    -0.216558  0.000399119
   -0.181573     0.219889 -0.000196661      1.18908      0.41965 -0.000123189
  0.00193855  0.000476957 -6.19909e-18    -0.238434     0.969093  -0.00551928
   -0.350528   -0.0862431 -2.26984e-18   -0.0873043     0.354841     0.997994
dot q: [-0.102974, -0.018602, -0.151728, 0.171287, 7.7e-05, -0.113137]
STEP 35
Posizione end effector iniziale:  1.93851 -2.34854  6.51071
det = 45.3546

J inversa
    0.354276    0.0856192  2.36364e-17     0.085361    -0.353207   0.00199569
    0.021752   -0.0264418    -0.235248     0.203005     0.033853  0.000172046
    0.160058     -0.19412     0.235636    -0.421911    -0.214876    0.0003989
   -0.181967     0.220524 -0.000388114      1.19088     0.416093 -0.000129221
  0.00194569  0.000470222 -6.83759e-18    -0.234439     0.970062  -0.00548105
    -0.35427   -0.0856179 -2.86831e-17   -0.0866499      0.35854     0.997989
dot q: [-0.104779, -0.019713, -0.151045, 0.171737, 0.000132, -0.11569]
STEP 36
Posizione end effector iniziale:  1.92253 -2.33085  6.51053
det = 44.8796

J inversa
    0.358097    0.0849559            0    0.0846998    -0.357018   0.00200083
   0.0229392   -0.0279021     -0.23522     0.201752    0.0316996  0.000174815
    0.159278    -0.193314     0.235811    -0.421517    -0.213182  0.000399606
   -0.182374     0.221179 -0.000591314      1.19272     0.412476 -0.000137967
  0.00195265  0.000463252 -3.07718e-18     -0.23037     0.971032  -0.00544194
   -0.358092   -0.0849547  2.50408e-17   -0.0859572     0.362318     0.997984
dot q: [-0.106593, -0.020832, -0.150359, 0.172193, 0.000131, -0.118031]
STEP 37
Posizione end effector iniziale:  1.90656 -2.31316  6.51035
det = 44.4032

J inversa
       0.362    0.0842532 -2.39981e-17    0.0839992    -0.360909   0.00200576
   0.0241354   -0.0293757    -0.235189     0.200481    0.0295189  0.000177634
    0.158505    -0.192517     0.235995    -0.421138    -0.211477  0.000400202
   -0.182796     0.221857 -0.000806393      1.19459     0.408801 -0.000146613
  0.00195943  0.000456043 -5.92782e-18    -0.226227        0.972  -0.00540192
   -0.361995    -0.084252 -2.24434e-18    -0.085225     0.366176      0.99798
dot q: [-0.108467, -0.02196, -0.149689, 0.172677, 8.2e-05, -0.120038]
STEP 38
Posizione end effector iniziale:  1.89059 -2.29546  6.51017
det = 43.9253

J inversa
    0.365988     0.083509 -2.41831e-17    0.0832572    -0.364884   0.00201044
   0.0253407   -0.0308631    -0.235153     0.199191    0.0273106  0.000180882
    0.157737    -0.191728     0.236186    -0.420776    -0.209761  0.000399799
   -0.183235     0.222556  -0.00103349      1.19649     0.405065 -0.000152734
  0.00196596  0.000448581 -2.47885e-18    -0.222006     0.972968  -0.00536085
   -0.365982   -0.0835078 -9.71637e-19    -0.084451     0.370116     0.997975
dot q: [-0.110409, -0.023098, -0.149024, 0.173172, 0.000133, -0.121753]
STEP 39
Posizione end effector iniziale:  1.87462 -2.27777     6.51
det = 43.4459

J inversa
    0.370062    0.0827209  2.43709e-17    0.0824716    -0.368947   0.00201491
    0.026556   -0.0323651    -0.235113     0.197882    0.0250722  0.000183764
    0.156976    -0.190948     0.236385    -0.420429    -0.208031  0.000400238
   -0.183689     0.223278  -0.00127277      1.19843     0.401266 -0.000161366
   0.0019723  0.000440874 -1.13523e-18    -0.217706     0.973935  -0.00531892
   -0.370057   -0.0827198 -4.18442e-19   -0.0836331     0.374143     0.997971
dot q: [-0.11238, -0.024245, -0.148364, 0.173685, 8.1e-05, -0.123194]
STEP 40
Posizione end effector iniziale:  1.85866 -2.26008  6.50982
det = 42.9652

J inversa
    0.374226    0.0818872 -2.45616e-17    0.0816404    -0.373098   0.00201912
   0.0277814   -0.0338821    -0.235068     0.196553    0.0228045  0.000187089
    0.156221    -0.190175     0.236592    -0.420098    -0.206288  0.000399628
   -0.184159     0.224023  -0.00152437       1.2004     0.397402 -0.000167316
  0.00197839  0.000432906  -1.1554e-17    -0.213325       0.9749  -0.00527594
   -0.374221   -0.0818861  2.17633e-17   -0.0827694     0.378258     0.997967
dot q: [-0.114456, -0.025408, -0.147727, 0.174228, 0.000133, -0.124386]
STEP 41
Posizione end effector iniziale: 1.84269 -2.2424 6.50964
det = 42.483

J inversa
    0.378484    0.0810049            0    0.0807608    -0.377343    0.0020232
   0.0290176    -0.035415    -0.235018     0.195202    0.0205046   0.00019005
    0.155471    -0.189411     0.236807    -0.419782     -0.20453  0.000399893
   -0.184646     0.224793  -0.00178851       1.2024     0.393469 -0.000175852
  0.00198435    0.0004247  5.32719e-18    -0.208859     0.975863  -0.00523229
   -0.378479   -0.0810038  1.52334e-17    -0.081857     0.382465     0.997963
dot q: [-0.116555, -0.026581, -0.147083, 0.174775, 0.000127, -0.125348]
STEP 42
Posizione end effector iniziale:  1.82674 -2.22472  6.50946
det = 41.9995

J inversa
    0.382838     0.080072            0    0.0798307    -0.381684   0.00202713
    0.030265   -0.0369643    -0.234963     0.193828    0.0181726  0.000193099
    0.154727    -0.188655     0.237029    -0.419481    -0.202757  0.000399976
   -0.185149     0.225587  -0.00206537      1.20444     0.389467 -0.000184056
  0.00199017  0.000416251 -4.87174e-18    -0.204306     0.976822  -0.00518792
   -0.382833    -0.080071 -1.92894e-18   -0.0808939     0.386767     0.997959
dot q: [-0.118718, -0.027765, -0.146454, 0.175354, 7.4e-05, -0.125991]
STEP 43
Posizione end effector iniziale:  1.81077 -2.20703  6.50928
det = 41.5147

J inversa
    0.387292    0.0790859   1.2576e-17    0.0788476    -0.386125   0.00203081
   0.0315239   -0.0385309    -0.234903      0.19243    0.0158079  0.000196587
     0.15399    -0.187907     0.237258    -0.419195    -0.200969  0.000399007
   -0.185671     0.226406  -0.00235511      1.20651     0.385394  -0.00018953
  0.00199574  0.000407534  2.36135e-18    -0.199665     0.977778  -0.00514259
   -0.387287   -0.0790848 -2.53313e-17   -0.0798775     0.391168     0.997956
dot q: [-0.120963, -0.028963, -0.145823, 0.175935, 0.000124, -0.126507]
STEP 44
Posizione end effector iniziale:  1.79482 -2.18935   6.5091
det = 41.0285

J inversa
    0.391849    0.0780434            0    0.0778082    -0.390668   0.00203439
   0.0327952   -0.0401153    -0.234837     0.191008    0.0134082  0.000199736
    0.153258    -0.187168     0.237495    -0.418924    -0.199164  0.000398882
    -0.18621     0.227252  -0.00265795      1.20862     0.381245 -0.000197505
  0.00200121  0.000398575  -2.4017e-18    -0.194931      0.97873  -0.00509671
   -0.391844   -0.0780423  1.22129e-17   -0.0788048     0.395672     0.997953
dot q: [-0.123278, -0.030186, -0.145187, 0.176487, 0.000113, -0.126698]
STEP 45
Posizione end effector iniziale:  1.77886 -2.17167  6.50892
det = 40.5411

J inversa
    0.396513    0.0769415  1.27808e-17    0.0767097    -0.395318   0.00203867
    0.034079   -0.0417184    -0.234766      0.18956     0.010973  0.000203061
    0.152532    -0.186437      0.23774    -0.418668    -0.197341  0.000398727
   -0.186768     0.228125   -0.0029742      1.21077     0.377019 -0.000205188
  0.00200736  0.000389519  6.28014e-18    -0.190101     0.979675  -0.00505222
   -0.396508   -0.0769405 -1.05901e-17   -0.0776731     0.400283     0.997949
dot q: [-0.125622, -0.031396, -0.144594, 0.177182, 6e-05, -0.126716]
STEP 46
Posizione end effector iniziale:  1.76291 -2.15399  6.50874
det = 40.0525

J inversa
    0.401288    0.0757778 -1.28857e-17    0.0755495    -0.400079   0.00204183
   0.0353761    -0.043341    -0.234688     0.188084   0.00850189  0.000206757
    0.151812    -0.185715     0.237992    -0.418427    -0.195501   0.00039728
   -0.187347     0.229026  -0.00330381      1.21295     0.372716 -0.000209833
   0.0020124  0.000380015 -1.72701e-18    -0.185176     0.980615  -0.00500462
   -0.401283   -0.0757768  2.57095e-17   -0.0764791     0.405002     0.997946
dot q: [-0.128104, -0.032642, -0.143997, 0.177838, 0.000109, -0.126467]
STEP 47
Posizione end effector iniziale:  1.74696 -2.13631  6.50856
det = 39.5625

J inversa
    0.406179    0.0745479  1.29923e-17    0.0743233    -0.404956     0.002045
   0.0366873   -0.0449842    -0.234604      0.18658   0.00599171  0.000210136
    0.151098    -0.185001     0.238251    -0.418199     -0.19364  0.000396685
   -0.187944     0.229956  -0.00364722      1.21516     0.368328 -0.000216969
  0.00201745  0.000370272  6.38518e-19    -0.180148     0.981548  -0.00495674
   -0.406174    -0.074547  2.66607e-19    -0.075219     0.409836     0.997943
dot q: [-0.130615, -0.033903, -0.143371, 0.178439, 9.5e-05, -0.126123]
STEP 48
Posizione end effector iniziale:    1.731 -2.11863  6.50838
det = 39.0714

J inversa
    0.411189    0.0732488            0    0.0730282    -0.409951   0.00204886
   0.0380128   -0.0466484    -0.234513     0.185046   0.00344279  0.000213714
     0.15039    -0.184296     0.238518    -0.417987     -0.19176  0.000396006
   -0.188562     0.230916  -0.00400466      1.21741     0.363855 -0.000223661
  0.00202318  0.000360406 -3.40891e-18    -0.175017     0.982472  -0.00491022
   -0.411184    -0.073248 -1.38363e-18   -0.0738902      0.41479     0.997939
dot q: [-0.133209, -0.035165, -0.142808, 0.17921, 4.1e-05, -0.125447]
STEP 49
Posizione end effector iniziale:  1.71505 -2.10095   6.5082
det = 38.5791

J inversa
    0.416324    0.0718769  3.96329e-17    0.0716604     -0.41507   0.00205167
   0.0393534   -0.0483351    -0.234415     0.183479  0.000853699  0.000217653
    0.149689      -0.1836     0.238792    -0.417788    -0.189859  0.000394048
   -0.189203     0.231907  -0.00437622       1.2197     0.359297 -0.000227281
  0.00202784    0.0003501 -2.81399e-18    -0.169779     0.983388  -0.00486083
   -0.416319   -0.0718761 -1.45179e-17   -0.0724883     0.419865     0.997937
dot q: [-0.13591, -0.036459, -0.142199, 0.179854, 8.4e-05, -0.124686]
STEP 50
Posizione end effector iniziale:   1.6991 -2.08328  6.50802
det = 38.0856

J inversa
    0.421587    0.0704276  1.33231e-17    0.0702155    -0.420317    0.0020553
     0.04071   -0.0500449     -0.23431      0.18188  -0.00177786  0.000221388
    0.148994    -0.182912     0.239073    -0.417603    -0.187935  0.000393054
   -0.189865      0.23293  -0.00476231      1.22203     0.354646 -0.000233375
  0.00203331  0.000339671  4.07597e-18     -0.16443     0.984293  -0.00481307
   -0.421582   -0.0704267 -2.47164e-17   -0.0710093      0.42507     0.997933
dot q: [-0.138684, -0.037763, -0.141623, 0.1806, 7.3e-05, -0.123631]
STEP 51
Posizione end effector iniziale: 1.68316 -2.0656 6.50784
det = 37.5909

J inversa
    0.426984    0.0688967  1.34371e-17    0.0686892    -0.425699   0.00205878
   0.0420832    -0.051779    -0.234198     0.180246  -0.00445283  0.000225237
    0.148304    -0.182234     0.239361    -0.417432    -0.185989  0.000391793
   -0.190549     0.233987  -0.00516312      1.22439     0.349901 -0.000238879
   0.0020386  0.000328942  -1.9032e-18    -0.158966     0.985187  -0.00476459
    -0.42698   -0.0688959 -2.73345e-17    -0.069449     0.430407      0.99793
dot q: [-0.141566, -0.039076, -0.141079, 0.181431, 6.7e-05, -0.122387]
STEP 52
Posizione end effector iniziale:  1.66721 -2.04792  6.50766
det = 37.095

J inversa
    0.432522    0.0672794            0    0.0670768    -0.431219   0.00206133
   0.0434739   -0.0535387    -0.234077     0.178575  -0.00717316  0.000229103
    0.147622    -0.181566     0.239656    -0.417275    -0.184019  0.000390147
   -0.191258     0.235079  -0.00557882      1.22679     0.345059 -0.000243775
  0.00204296  0.000317786 -1.92401e-18    -0.153385     0.986069  -0.00471365
   -0.432517   -0.0672787 -9.27912e-19   -0.0678021     0.435882     0.997928
dot q: [-0.144492, -0.040422, -0.140485, 0.182151, 5e-06, -0.121074]
STEP 53
Posizione end effector iniziale:  1.65126 -2.03025  6.50748
det = 36.598

J inversa
    0.438203    0.0655715            0    0.0653741    -0.436884   0.00206458
   0.0448825   -0.0553249    -0.233949     0.176866  -0.00993879  0.000233496
    0.146946    -0.180907     0.239959    -0.417132    -0.182025  0.000387577
   -0.191994     0.236207  -0.00600985      1.22923     0.340119 -0.000245797
    0.002048  0.000306457  2.13969e-18    -0.147683     0.986936  -0.00466397
   -0.438198   -0.0655708  1.04058e-18    -0.066065     0.441501     0.997925
dot q: [-0.147593, -0.041785, -0.13994, 0.182979, 4.7e-05, -0.119399]
STEP 54
Posizione end effector iniziale:  1.63532 -2.01257   6.5073
det = 36.0998

J inversa
    0.444036    0.0637665            0    0.0635746    -0.442699   0.00206782
   0.0463104   -0.0571391    -0.233811     0.175116   -0.0127538   0.00023764
    0.146277    -0.180258     0.240268    -0.417002    -0.180004  0.000385711
   -0.192754     0.237373  -0.00645648      1.23171     0.335073 -0.000249953
  0.00205298  0.000294822   4.0241e-18    -0.141853     0.987788   -0.0046139
   -0.444031   -0.0637659 -1.15156e-17   -0.0642311     0.447271     0.997922
dot q: [-0.150747, -0.043165, -0.139387, 0.183822, 3.6e-05, -0.11761]
STEP 55
Posizione end effector iniziale: 1.61937 -1.9949 6.50712
det = 35.6005

J inversa
    0.450026    0.0618596            0    0.0616733    -0.448671   0.00207094
   0.0477584   -0.0589826    -0.233665     0.173324   -0.0156187  0.000241893
    0.145615    -0.179619     0.240584    -0.416885    -0.177956  0.000383591
   -0.193541     0.238579  -0.00691898      1.23422      0.32992 -0.000253524
  0.00205782  0.000282863 -1.60736e-18    -0.135894     0.988623  -0.00456319
   -0.450022   -0.0618589 -8.32856e-19   -0.0622954     0.453197     0.997919
dot q: [-0.154038, -0.044568, -0.138852, 0.1847, 2.4e-05, -0.11561]
STEP 56
Posizione end effector iniziale:  1.60343 -1.97723  6.50693
det = 35.1

J inversa
    0.456181    0.0598441            0    0.0596639    -0.454808   0.00207404
   0.0492274   -0.0608569     -0.23351     0.171487   -0.0185356  0.000246268
     0.14496    -0.178991     0.240908    -0.416782    -0.175879  0.000381229
   -0.194357     0.239825  -0.00739769      1.23678     0.324656 -0.000256497
  0.00206261  0.000270583 -2.78915e-18    -0.129799     0.989438  -0.00451209
   -0.456176   -0.0598435 -1.29469e-18   -0.0602514     0.459286     0.997916
dot q: [-0.157421, -0.045978, -0.138345, 0.185667, 1.9e-05, -0.113465]
STEP 57
Posizione end effector iniziale:  1.58749 -1.95955  6.50675
det = 34.5982

J inversa
    0.462507    0.0577139            0    0.0575402    -0.461115   0.00207612
   0.0507188   -0.0627636    -0.233346     0.169602   -0.0215066  0.000250627
    0.144312    -0.178373     0.241238    -0.416691    -0.173774  0.000378488
   -0.195203     0.241115  -0.00789277      1.23937     0.319278 -0.000258874
  0.00206635  0.000257849 -4.77102e-19    -0.123566     0.990234  -0.00445843
   -0.462502   -0.0577134 -1.36159e-17   -0.0580929     0.465544     0.997914
dot q: [-0.160929, -0.047439, -0.137788, 0.186533, -4.5e-05, -0.11114]
STEP 58
Posizione end effector iniziale:  1.57155 -1.94188  6.50657
det = 34.0954

J inversa
    0.469011    0.0554619            0     0.055295      -0.4676   0.00207908
    0.052233   -0.0647041    -0.233171     0.167668   -0.0245326  0.000255519
    0.143673    -0.177767     0.241576    -0.416614    -0.171639  0.000374839
   -0.196081     0.242451  -0.00840488      1.24201     0.313782 -0.000258321
   0.0020709   0.00024489 -1.61193e-18    -0.117189     0.991006  -0.00440629
   -0.469007   -0.0554614 -7.09384e-19    -0.055813      0.47198     0.997911
dot q: [-0.164582, -0.048916, -0.13727, 0.187501, -1e-06, -0.108498]
STEP 59
Posizione end effector iniziale: 1.55561 -1.9242 6.50639
det = 33.5913

J inversa
    0.475703    0.0530801  1.44245e-17    0.0529204    -0.474271   0.00208204
   0.0537721   -0.0666803    -0.232986     0.165682   -0.0276175  0.000260163
    0.143041    -0.177173      0.24192     -0.41655    -0.169471  0.000371927
    -0.19699     0.243833  -0.00893428      1.24468     0.308161 -0.000260015
  0.00207543  0.000231581  1.12486e-18    -0.110662     0.991754  -0.00435378
   -0.475698   -0.0530796  1.38482e-17   -0.0534037     0.478603     0.997909
dot q: [-0.16836, -0.050414, -0.13676, 0.188502, -1.6e-05, -0.105803]
STEP 60
Posizione end effector iniziale:  1.53967 -1.90653  6.50621
det = 33.086

J inversa
     0.48259    0.0505606   7.2791e-18    0.0504084    -0.481137   0.00208495
   0.0553369   -0.0686941     -0.23279     0.163641   -0.0307629  0.000264937
    0.142417    -0.176591     0.242271    -0.416499    -0.167271  0.000368712
   -0.197935     0.245266   -0.0094813       1.2474     0.302414 -0.000260936
  0.00207984  0.000217903  1.24092e-18    -0.103981     0.992474  -0.00430076
   -0.482585   -0.0505601 -1.27104e-17    -0.050857     0.485419     0.997906
dot q: [-0.172296, -0.051945, -0.136267, 0.18955, -2.4e-05, -0.1028]
STEP 61
Posizione end effector iniziale:  1.52373 -1.88885  6.50602
det = 32.5795

J inversa
    0.489681    0.0478941  7.34721e-18      0.04775    -0.488208   0.00208786
   0.0569291   -0.0707478    -0.232583     0.161542   -0.0339715  0.000269799
    0.141803    -0.176022      0.24263     -0.41646    -0.165036  0.000365331
   -0.198915     0.246751   -0.0100464      1.25015     0.296534 -0.000261461
  0.00208419  0.000203848  -1.6432e-18   -0.0971381     0.993164  -0.00424734
   -0.489677   -0.0478937  5.78022e-18   -0.0481639     0.492439     0.997903
dot q: [-0.176349, -0.053508, -0.135748, 0.190554, -4.2e-05, -0.09964]
STEP 62
Posizione end effector iniziale:  1.50779 -1.87118  6.50584
det = 32.0718

J inversa
    0.496986    0.0450717 -7.41661e-18    0.0449361    -0.495491   0.00209176
   0.0585499   -0.0728431    -0.232365     0.159382   -0.0372453  0.000274914
    0.141197    -0.175466     0.242995    -0.416435    -0.162765  0.000361863
   -0.199934     0.248292   -0.0106301      1.25295     0.290518 -0.000261432
  0.00208948  0.000189495  4.63357e-18   -0.0901297     0.993821  -0.00419551
   -0.496982   -0.0450713  2.25591e-18   -0.0453154     0.499674     0.997899
dot q: [-0.180592, -0.055089, -0.135295, 0.191744, -5.2e-05, -0.096254]
STEP 63
Posizione end effector iniziale:  1.49185 -1.85351  6.50566
det = 31.5627

J inversa
    0.504517    0.0420826  1.49747e-17     0.041956    -0.502999   0.00209467
   0.0602015   -0.0749829    -0.232134     0.157156   -0.0405879  0.000280024
      0.1406    -0.174924     0.243367    -0.416421    -0.160457   0.00035794
   -0.200993     0.249891   -0.0112326      1.25579      0.28436 -0.000260544
   0.0020937  0.000174639   1.8329e-18   -0.0829481     0.994443  -0.00414122
   -0.504513   -0.0420822  9.34714e-19   -0.0423006     0.507131     0.997897
dot q: [-0.184972, -0.056707, -0.134823, 0.1929, -6.1e-05, -0.092629]
STEP 64
Posizione end effector iniziale:  1.47592 -1.83584  6.50548
det = 31.0522

J inversa
    0.512284     0.038916  7.55941e-18    0.0387989    -0.510743   0.00209759
   0.0618853   -0.0771696    -0.231891     0.154862   -0.0440018  0.000285225
    0.140014    -0.174397     0.243746    -0.416421    -0.158111  0.000353839
   -0.202095     0.251552   -0.0118545      1.25867     0.278057  -0.00025921
  0.00209786  0.000159365  -2.5615e-18   -0.0755879     0.995027  -0.00408652
   -0.512279   -0.0389157 -8.09066e-18   -0.0391088     0.514822     0.997894
dot q: [-0.189532, -0.05836, -0.134363, 0.194111, -0.000123, -0.088872]
STEP 65
Posizione end effector iniziale:  1.45999 -1.81816   6.5053
det = 30.5404

J inversa
    0.520298    0.0355597            0    0.0354528    -0.518733   0.00210037
   0.0636032   -0.0794058    -0.231635     0.152494   -0.0474894   0.00029081
    0.139439    -0.173885     0.244131    -0.416432    -0.155726   0.00034862
   -0.203243     0.253277   -0.0124962       1.2616     0.271603 -0.000254668
  0.00210179  0.000143647 -2.18646e-18   -0.0680421     0.995569   -0.0040311
   -0.520294   -0.0355594   5.7147e-18   -0.0357279     0.522759     0.997892
dot q: [-0.194305, -0.060052, -0.133912, 0.195355, -8e-05, -0.084803]
STEP 66
Posizione end effector iniziale:  1.44406 -1.80049  6.50511
det = 30.0272

J inversa
    0.528573        0.032 -1.54156e-17    0.0319038    -0.526983   0.00210334
   0.0653578   -0.0816948    -0.231366      0.15005   -0.0510559  0.000296189
    0.138874     -0.17339     0.244524    -0.416456    -0.153299  0.000344147
   -0.204438     0.255073   -0.0131584      1.26457     0.264991 -0.000252381
  0.00210581  0.000127486 -7.82937e-19   -0.0603022     0.996065  -0.00397557
   -0.528569   -0.0319998  6.36962e-18   -0.0321443     0.530956     0.997889
dot q: [-0.199273, -0.061792, -0.133459, 0.196599, -9.9e-05, -0.080467]
STEP 67
Posizione end effector iniziale:  1.42812 -1.78281  6.50493
det = 29.5125

J inversa
    0.537123    0.0282225  3.89211e-18    0.0281377    -0.535507   0.00210748
   0.0671509   -0.0840397    -0.231082     0.147524   -0.0547039  0.000301847
    0.138322    -0.172913     0.244924    -0.416493    -0.150828  0.000339603
   -0.205683     0.256941   -0.0138416      1.26758     0.258215 -0.000249546
  0.00211091  0.000110915  8.90995e-19   -0.0523606      0.99651  -0.00392175
   -0.537119   -0.0282223 -6.31575e-18   -0.0283437     0.539428     0.997885
dot q: [-0.204427, -0.063556, -0.133051, 0.198017, -0.000108, -0.075961]
STEP 68
Posizione end effector iniziale:  1.41219 -1.76514  6.50474
det = 28.9963

J inversa
    0.545962    0.0242121            0    0.0241393     -0.54432   0.00211058
   0.0689854   -0.0864443    -0.230784     0.144911   -0.0584376  0.000307468
    0.137782    -0.172454      0.24533    -0.416541    -0.148313  0.000334624
   -0.206984     0.258888   -0.0145463      1.27064     0.251272 -0.000245878
  0.00211485  9.37888e-05 -1.71619e-18   -0.0442103     0.996902  -0.00386545
   -0.545958   -0.0242119 -4.34838e-18   -0.0243107     0.548186     0.997882
dot q: [-0.209834, -0.065372, -0.132643, 0.199433, -0.00012, -0.071113]
STEP 69
Posizione end effector iniziale:  1.39627 -1.74747  6.50456
det = 28.4784

J inversa
    0.555107    0.0199509            0    0.0198909    -0.553438    0.0021138
    0.070864   -0.0889125    -0.230471     0.142205   -0.0622612    0.0003132
    0.137255    -0.172014     0.245744    -0.416603     -0.14575  0.000329436
   -0.208342     0.260919   -0.0152732      1.27374     0.244153 -0.000241634
  0.00211879  7.61509e-05  2.16241e-19   -0.0358413     0.997235  -0.00380884
   -0.555103   -0.0199508  1.20834e-19   -0.0200279     0.557248     0.997879
dot q: [-0.215445, -0.067239, -0.132223, 0.200838, -0.000137, -0.066107]
STEP 70
Posizione end effector iniziale: 1.38034 -1.7298 6.50437
det = 27.9589

J inversa
    0.564574    0.0154209 -4.01141e-18    0.0153745    -0.562877   0.00211827
   0.0727894   -0.0914483    -0.230142     0.139401   -0.0661787   0.00031921
    0.136743    -0.171596     0.246165    -0.416676     -0.14314  0.000324222
   -0.209762     0.263038   -0.0160229       1.2769     0.236854 -0.000236962
  0.00212386  5.80115e-05 -6.61512e-19    -0.027246     0.997503   -0.0037539
   -0.564571   -0.0154208  2.98488e-18   -0.0154771     0.566633     0.997875
dot q: [-0.221329, -0.069146, -0.131864, 0.202447, -0.000144, -0.060722]
STEP 71
Posizione end effector iniziale:  1.36442 -1.71212  6.50419
det = 27.4376

J inversa
    0.574385    0.0106011 -2.02641e-18    0.0105692    -0.572658   0.00212172
   0.0747655   -0.0940569    -0.229796     0.136491   -0.0701959   0.00032516
    0.136246      -0.1712     0.246592    -0.416762     -0.14048  0.000318613
   -0.211249     0.265252   -0.0167962       1.2801     0.229367 -0.000231558
  0.00212775  3.92705e-05  4.59619e-19   -0.0184139     0.997702  -0.00369653
   -0.574381    -0.010601  2.94652e-19   -0.0106375     0.576357     0.997872
dot q: [-0.227496, -0.071121, -0.131477, 0.203993, -0.000165, -0.055046]
STEP 72
Posizione end effector iniziale:  1.34849 -1.69445    6.504
det = 26.9144

J inversa
    0.584557   0.00546836  2.04754e-18   0.00545192    -0.582799    0.0021265
   0.0767955   -0.0967431    -0.229434      0.13347   -0.0743174  0.000331422
    0.135766    -0.170828     0.247027     -0.41686    -0.137767  0.000312922
   -0.212806     0.267569   -0.0175937      1.28334     0.221685 -0.000225544
  0.00213281  1.99518e-05 -2.43359e-19  -0.00933435     0.997823  -0.00364083
   -0.584553  -0.00546832 -1.58288e-19  -0.00548601     0.586444     0.997867
dot q: [-0.233925, -0.073135, -0.13115, 0.205743, -0.000173, -0.049037]
STEP 73
Posizione end effector iniziale:  1.33257 -1.67678  6.50382
det = 26.3892

J inversa
    0.595115 -1.52602e-06            0 -1.52143e-06    -0.593325   0.00213021
   0.0788839   -0.0995129    -0.229053     0.130327   -0.0785495  0.000337615
    0.135303    -0.170482     0.247469     -0.41697    -0.135001  0.000306811
   -0.214441     0.269995   -0.0184162      1.28664     0.213803 -0.000218722
  0.00213662 -5.47884e-09  1.39576e-23  2.55877e-06     0.997863  -0.00358262
   -0.595111  1.52601e-06 -2.01267e-22  1.53063e-06     0.596912     0.997863
dot q: [-0.240692, -0.07523, -0.130803, 0.207448, -0.000191, -0.042726]
STEP 74
Posizione end effector iniziale:  1.31665 -1.65911  6.50363
det = 25.8619

J inversa
    0.606081  -0.00583689 -1.04558e-18  -0.00581934    -0.604259   0.00213537
   0.0810348    -0.102373    -0.228654     0.127055   -0.0828984  0.000344119
     0.13486    -0.170164     0.247919    -0.417094    -0.132179  0.000300687
   -0.216158     0.272539   -0.0192647      1.28999     0.205711 -0.000211481
  0.00214169 -2.06257e-05 -6.06593e-21   0.00960947     0.997812  -0.00352613
   -0.606078   0.00583686   1.7166e-18   0.00585334     0.607789     0.997858
dot q: [-0.247767, -0.077374, -0.130515, 0.209366, -0.000194, -0.036111]
STEP 75
Posizione end effector iniziale:  1.30073 -1.64143  6.50344
det = 25.3323

J inversa
    0.617485   -0.0120678  4.22735e-18   -0.0120315    -0.615629   0.00213948
   0.0832537    -0.105329    -0.228235     0.123645   -0.0873712  0.000350526
    0.134437    -0.169876     0.248375     -0.41723    -0.129299  0.000294234
   -0.217964      0.27521   -0.0201399       1.2934     0.197404 -0.000203693
  0.00214551 -4.19306e-05   7.2089e-19    0.0194978     0.997664  -0.00346716
   -0.617482    0.0120677 -4.68809e-18    0.0120993     0.619099     0.997855
dot q: [-0.255224, -0.079607, -0.130207, 0.211247, -0.000216, -0.028976]
STEP 76
Posizione end effector iniziale:  1.28482 -1.62376  6.50325
det = 24.8004

J inversa
    0.629354   -0.0187287 -4.27336e-18   -0.0186724    -0.627463   0.00214517
   0.0855457    -0.108391    -0.227796     0.120085   -0.0919753  0.000357287
    0.134037     -0.16962     0.248839    -0.417379    -0.126358  0.000287721
   -0.219867      0.27802    -0.021043      1.29686     0.188873 -0.000195322
  0.00215068 -6.40012e-05 -1.73984e-19    0.0296815     0.997407  -0.00340994
   -0.629351    0.0187286  3.34331e-18     0.018774     0.630875     0.997849
dot q: [-0.263043, -0.081898, -0.129964, 0.213358, -0.00022, -0.021559]
STEP 77
Posizione end effector iniziale:  1.26891 -1.60608  6.50306
det = 24.266

J inversa
    0.641722   -0.0258572  4.32038e-18   -0.0257795    -0.639794   0.00214982
   0.0879175    -0.111566    -0.227336     0.116364   -0.0967193  0.000363948
    0.133662      -0.1694     0.249311    -0.417541    -0.123356  0.000280862
   -0.221874     0.280978   -0.0219748      1.30038      0.18011 -0.000186344
  0.00215454 -8.68137e-05  1.17724e-18    0.0401739     0.997036  -0.00335022
   -0.641719     0.025857  4.29553e-18    0.0259145     0.643145     0.997845
dot q: [-0.271305, -0.084292, -0.129707, 0.215452, -0.000242, -0.013614]
STEP 78
Posizione end effector iniziale:    1.253 -1.58842  6.50287
det = 23.7288

J inversa
    0.654624   -0.0334961            0   -0.0333954    -0.652657   0.00215615
   0.0903757    -0.114864    -0.226853     0.112469    -0.101612  0.000370982
    0.133314    -0.169219      0.24979    -0.417718    -0.120289  0.000273955
   -0.223996     0.284099   -0.0229366      1.30396     0.171107 -0.000176816
  0.00215981 -0.000110514 -1.18849e-18    0.0509911     0.996535   -0.0032922
   -0.654621    0.0334959 -7.82298e-19    0.0335638     0.655948     0.997839
dot q: [-0.279989, -0.08677, -0.129498, 0.217731, -0.000254, -0.005259]
STEP 79
Posizione end effector iniziale:  1.23709 -1.57075  6.50268
det = 23.1887

J inversa
      0.6681   -0.0416922 -8.83517e-18   -0.0415669    -0.666092   0.00216288
   0.0929285    -0.118297    -0.226347     0.108386    -0.106664  0.000378163
    0.132995     -0.16908     0.250277    -0.417909    -0.117156  0.000266879
   -0.226243     0.287397   -0.0239296       1.3076     0.161858 -0.000166786
  0.00216518 -0.000135116 -9.07654e-19     0.062148     0.995895  -0.00323378
   -0.668097     0.041692  1.29511e-17    0.0417686     0.669323     0.997832
dot q: [-0.289199, -0.089345, -0.129347, 0.220218, -0.000257, 0.003685]
STEP 80
Posizione end effector iniziale:  1.22119 -1.55307  6.50249
det = 22.6454

J inversa
    0.682197   -0.0505004            0   -0.0503486    -0.680147   0.00216863
   0.0955853    -0.121878    -0.225816     0.104096    -0.111888  0.000385239
    0.132708    -0.168987     0.250771    -0.418115    -0.113953  0.000259483
   -0.228627      0.29089    -0.024955      1.31132     0.152351 -0.000156211
  0.00216922 -0.000160579 -4.31557e-19    0.0736636     0.995104  -0.00317286
   -0.682193    0.0505001  -2.9634e-19    0.0505831     0.683314     0.997826
dot q: [-0.298894, -0.092035, -0.129177, 0.222693, -0.00028, 0.013057]
STEP 81
Posizione end effector iniziale:  1.20529 -1.53541   6.5023
det = 22.0987

J inversa
     0.69696   -0.0599794            0   -0.0597992    -0.694866   0.00217636
   0.0983554     -0.12562     -0.22526    0.0995837    -0.117295  0.000392751
    0.132457    -0.168945     0.251274    -0.418337     -0.11068  0.000252068
   -0.231162     0.294595   -0.0260144       1.3151     0.142582 -0.000145136
  0.00217488 -0.000187167 -2.56569e-18    0.0855547     0.994144  -0.00311372
   -0.696957    0.0599791 -8.59512e-18    0.0600665     0.697972     0.997819
dot q: [-0.309195, -0.094845, -0.129074, 0.225414, -0.000292, 0.023096]
STEP 82
Posizione end effector iniziale:   1.1894 -1.51774  6.50211
det = 21.5484

J inversa
    0.712449    -0.070199            0    -0.069988    -0.710308   0.00218459
    0.101251    -0.129539    -0.224676    0.0948272      -0.1229  0.000400427
    0.132246    -0.168959     0.251786    -0.418577    -0.107333  0.000244485
   -0.233862     0.298534   -0.0271094      1.31897     0.132542 -0.000133579
   0.0021806 -0.000214859 -3.44632e-18    0.0978424     0.993002  -0.00305403
   -0.712446    0.0701986 -2.09954e-18    0.0702878     0.713351     0.997811
dot q: [-0.320158, -0.097784, -0.129037, 0.228377, -0.000294, 0.033785]
STEP 83
Posizione end effector iniziale:   1.1735 -1.50007  6.50191
det = 20.994

J inversa
    0.728728   -0.0812383  9.25144e-18   -0.0809942    -0.726538   0.00219201
    0.104286    -0.133654    -0.224064    0.0898016     -0.12872  0.000408019
    0.132079    -0.169036     0.252305    -0.418835    -0.103911  0.000236627
   -0.236747     0.302733   -0.0282415      1.32292     0.122221 -0.000121582
  0.00218507 -0.000243591 -2.15149e-18      0.11055      0.99166   -0.0029919
   -0.728725    0.0812379 -1.19081e-18     0.081326     0.729515     0.997804
dot q: [-0.331769, -0.100878, -0.129, 0.231392, -0.000316, 0.045198]
STEP 84
Posizione end effector iniziale:  1.15762 -1.48241  6.50172
det = 20.4353

J inversa
    0.745866   -0.0931854 -1.87234e-17   -0.0929055    -0.743625    0.0022017
    0.107475    -0.137987    -0.223421    0.0844821    -0.134774  0.000416105
    0.131961    -0.169182     0.252834    -0.419114    -0.100412  0.000228793
   -0.239836     0.307219   -0.0294129      1.32697     0.111614 -0.000109227
  0.00219129 -0.000273771 -1.28935e-18     0.123699     0.990097  -0.00293145
   -0.745862    0.0931851  -5.6399e-19    0.0932693     0.746537     0.997794
dot q: [-0.344191, -0.104129, -0.129034, 0.234687, -0.000328, 0.057388]
STEP 85
Posizione end effector iniziale:  1.14174 -1.46474  6.50152
det = 19.8719

J inversa
    0.763946    -0.106145  1.89492e-17    -0.105826     -0.76165   0.00221229
    0.110836    -0.142563    -0.222746    0.0788367    -0.141081  0.000424435
    0.131898    -0.169405     0.253371    -0.419417    -0.096834  0.000220852
   -0.243153     0.312026   -0.0306256      1.33112     0.100714 -9.65307e-05
  0.00219784 -0.000305375 -3.09918e-19     0.137316      0.98829  -0.00287059
   -0.763943     0.106145 -4.15847e-17     0.106222     0.764497     0.997784
dot q: [-0.357432, -0.107553, -0.129146, 0.238288, -0.000333, 0.070375]
STEP 86
Posizione end effector iniziale:  1.12586 -1.44707  6.50132
det = 19.3033

J inversa
    0.783063    -0.120237            0    -0.119876    -0.780711    0.0022222
     0.11439     -0.14741    -0.222037     0.072829    -0.147668  0.000432715
    0.131896    -0.169716     0.253918    -0.419745   -0.0931754  0.000212592
   -0.246727     0.317193   -0.0318818       1.3354    0.0895171 -8.32663e-05
  0.00220307 -0.000338274  3.03473e-18      0.15143     0.986216  -0.00280714
    -0.78306     0.120236 -1.21269e-17     0.120302     0.783489     0.997774
dot q: [-0.37164, -0.111191, -0.129291, 0.242031, -0.000356, 0.084447]
STEP 87
Posizione end effector iniziale:  1.10999 -1.42941  6.50112
det = 18.729

J inversa
    0.803325      -0.1356 -1.94175e-17    -0.135193    -0.800912   0.00223484
    0.118161    -0.152561    -0.221291    0.0664192    -0.154563  0.000441604
    0.131965    -0.170124     0.254475    -0.420104   -0.0894352  0.000204391
    -0.25059     0.322764   -0.0331842      1.33981    0.0780178 -6.97525e-05
   0.0022103 -0.000373096  4.26548e-18     0.166072     0.983843  -0.00274529
   -0.803323       0.1356  3.94465e-18     0.135651     0.803622     0.997762
dot q: [-0.386873, -0.115063, -0.129512, 0.246138, -0.000368, 0.09947]
STEP 88
Posizione end effector iniziale:  1.09413 -1.41175  6.50092
det = 18.1485

J inversa
    0.824861    -0.152399            0    -0.151942    -0.822383   0.00224875
    0.122178    -0.158058    -0.220506    0.0595581    -0.161797  0.000450821
    0.132113    -0.170644     0.255042    -0.420497   -0.0856132  0.000196117
    -0.25478     0.328793   -0.0345358      1.34439    0.0662164 -5.60164e-05
  0.00221798 -0.000409789 -3.33063e-18     0.181274     0.981142  -0.00268287
   -0.824858     0.152399 -3.01576e-17      0.15243     0.825024     0.997748
dot q: [-0.403332, -0.119192, -0.129833, 0.250604, -0.000382, 0.115734]
STEP 89
Posizione end effector iniziale:  1.07827 -1.39409  6.50071
det = 17.5611

J inversa
    0.847819     -0.17083  1.99095e-17    -0.170317    -0.845273    0.0022641
    0.126477    -0.163948     -0.21968    0.0521879    -0.169412  0.000460416
    0.132353    -0.171292      0.25562    -0.420931   -0.0817092   0.00018775
   -0.259345     0.335344   -0.0359399      1.34915    0.0541129 -4.20084e-05
  0.00222617 -0.000448557  6.01277e-18     0.197075     0.978075  -0.00261981
   -0.847817     0.170829 -2.31675e-17     0.170835     0.847844     0.997733
dot q: [-0.421081, -0.123611, -0.130237, 0.255442, -0.000395, 0.133365]
STEP 90
Posizione end effector iniziale:  1.06243 -1.37644  6.50051
det = 16.9662

J inversa
    0.872377    -0.191122  2.01648e-17    -0.190548    -0.869757   0.00228117
    0.131098    -0.170288    -0.218809    0.0442413    -0.177452  0.000470454
    0.132697    -0.172085     0.256209    -0.421415    -0.077725  0.000179344
   -0.264339     0.342493   -0.0374002      1.35413    0.0417152 -2.78868e-05
  0.00223503 -0.000489653  5.00193e-18     0.213517     0.974601  -0.00255615
   -0.872375     0.191121  3.18836e-17     0.191095     0.872257     0.997716
dot q: [-0.440379, -0.128375, -0.130783, 0.260818, -0.000396, 0.152508]
STEP 91
Posizione end effector iniziale:  1.04659 -1.35879  6.50029
det = 16.3626

J inversa
     0.89875    -0.213557 -4.08535e-17    -0.212916    -0.896051   0.00229845
    0.136093    -0.177148    -0.217889    0.0356347    -0.185976  0.000480631
    0.133163    -0.173048      0.25681    -0.421958   -0.0736633   0.00017078
   -0.269831     0.350333   -0.0389211      1.35937    0.0290343 -1.37065e-05
  0.00224292 -0.000532952  1.54187e-18     0.230647     0.970672  -0.00248986
   -0.898748     0.213556  5.84507e-17     0.213492     0.898477     0.997699
dot q: [-0.461417, -0.13354, -0.131411, 0.266576, -0.000424, 0.17336]
STEP 92
Posizione end effector iniziale:  1.03077 -1.34114  6.50008
det = 15.7496

J inversa
    0.927192    -0.238476 -4.13911e-17     -0.23776    -0.924408      0.00232
    0.141523    -0.184614    -0.216917    0.0262709    -0.195048  0.000491809
    0.133771    -0.174209     0.257424    -0.422575   -0.0695288  0.000162355
   -0.275903     0.358979   -0.0405075      1.36494    0.0160901  4.47191e-07
  0.00225363 -0.000579639  2.50876e-18     0.248516     0.966229  -0.00242496
    -0.92719     0.238475   4.6549e-18     0.238365     0.926759     0.997677
dot q: [-0.484419, -0.139153, -0.132208, 0.273005, -0.000442, 0.196246]
STEP 93
Posizione end effector iniziale: 1.01495 -1.3235 6.49986
det = 15.126

J inversa
     0.95802    -0.266298            0    -0.265498    -0.955143    0.0023444
    0.147465     -0.19279    -0.215887    0.0160272    -0.204754  0.000503728
    0.134548    -0.175602     0.258052    -0.423284   -0.0653302  0.000153925
   -0.282658     0.368571   -0.0421651      1.37091   0.00291642  1.45808e-05
  0.00226556 -0.000629751  6.59938e-18     0.267185     0.961209  -0.00235929
   -0.958017     0.266297  3.63933e-17     0.266131     0.957419     0.997653
dot q: [-0.509801, -0.145317, -0.13319, 0.280174, -0.000455, 0.221481]
STEP 94
Posizione end effector iniziale: 0.999156 -1.30586  6.49964
det = 14.4903

J inversa
    0.991627    -0.297551  4.25092e-17    -0.296657     -0.98865   0.00237216
    0.154017    -0.201811    -0.214794   0.00475047    -0.215199  0.000516507
    0.135525    -0.177272     0.258695    -0.424108   -0.0610787   0.00014561
   -0.290228     0.379289   -0.0439009      1.37737   -0.0104404  2.82547e-05
  0.00227892 -0.000683818  8.41964e-18     0.286721     0.955535  -0.00229271
   -0.991625      0.29755 -4.87112e-17     0.297317     0.990848     0.997625
dot q: [-0.537869, -0.152119, -0.134372, 0.28818, -0.000473, 0.24942]
STEP 95
Posizione end effector iniziale: 0.983377 -1.28824  6.49941
det = 13.841

J inversa
     1.02851    -0.332899            0    -0.331899     -1.02542   0.00240414
    0.161303    -0.211847    -0.213631  -0.00775136    -0.226513  0.000530379
    0.136744    -0.179276     0.259354    -0.425081    -0.056793  0.000137427
   -0.298778      0.39136   -0.0457227      1.38447   -0.0239058  4.14189e-05
  0.00229419 -0.000742563  1.31744e-17     0.307201     0.949115  -0.00222524
    -1.02851     0.332898   1.2994e-17     0.332585      1.02754     0.997594
dot q: [-0.569248, -0.159703, -0.135817, 0.297233, -0.000493, 0.280739]
STEP 96
Posizione end effector iniziale: 0.967616 -1.27062  6.49917
det = 13.1759

J inversa
     1.06931    -0.373208 -4.36884e-17    -0.372087      -1.0661   0.00244135
    0.169486    -0.223122    -0.212391   -0.0217277    -0.238869  0.000545613
     0.13826    -0.181688     0.260031    -0.426248   -0.0524994  0.000129446
   -0.308527     0.405083   -0.0476403       1.3924    -0.037375  5.38109e-05
  0.00231193 -0.000806904  3.39219e-18     0.328719      0.94184   -0.0021568
    -1.06931     0.373207 -5.38916e-17     0.372799      1.06814     0.997557
dot q: [-0.604522, -0.168228, -0.137592, 0.307611, -0.000497, 0.31586]
STEP 97
Posizione end effector iniziale: 0.951883 -1.25302  6.49893
det = 12.4926

J inversa
     1.11487    -0.419614  4.43022e-17    -0.418354     -1.11152    0.0024827
    0.178783    -0.235931    -0.211062   -0.0375066    -0.252494   0.00056202
    0.140144    -0.184606     0.260728    -0.427672   -0.0482379  0.000121643
   -0.319764     0.420852   -0.0496655       1.4014   -0.0506881  6.50065e-05
  0.00233056 -0.000877178  8.10325e-18      0.35138     0.933578  -0.00208525
    -1.11487     0.419613  6.90772e-18      0.41909      1.11348     0.997515
dot q: [-0.644636, -0.177941, -0.139713, 0.319427, -0.000538, 0.355899]
STEP 98
Posizione end effector iniziale:  0.93618 -1.23542  6.49867
det = 11.7882

J inversa
     1.16632    -0.473657            0    -0.472235     -1.16282    0.0025346
    0.189489    -0.250678    -0.209634   -0.0555276    -0.267693  0.000581122
    0.142494    -0.188163     0.261447    -0.429444   -0.0440675  0.000114394
   -0.332883     0.439207   -0.0518129      1.41185   -0.0636092  7.45808e-05
   0.0023554  -0.00095656 -3.20633e-18     0.375314      0.92416   -0.0020144
    -1.16632     0.473656 -4.04081e-18     0.472994      1.16468     0.997464
dot q: [-0.690735, -0.189137, -0.142343, 0.333294, -0.000566, 0.40188]
STEP 99
Posizione end effector iniziale: 0.920512 -1.21786   6.4984
det = 11.0586

J inversa
     1.22524    -0.537478  4.55811e-17    -0.535865     -1.22156    0.0025971
    0.202017    -0.267928    -0.208091   -0.0764047    -0.284893  0.000603058
    0.145449    -0.192549     0.262192    -0.431696    -0.040079   0.00010773
    -0.34844     0.460904   -0.0541008      1.42429    -0.075776  8.18413e-05
  0.00238548  -0.00104645  3.18059e-18     0.400677     0.913382   -0.0019419
    -1.22523     0.537477 -1.74649e-18     0.536646      1.22334     0.997401
dot q: [-0.744591, -0.202277, -0.145624, 0.34976, -0.000599, 0.455636]

Posizione end effector raggiunta: 0.904892 -1.20032  6.49812
CHECK COLLISIONI STEP 0
NO COLLISIONI

CHECK COLLISIONI STEP 1
NO COLLISIONI

CHECK COLLISIONI STEP 2
NO COLLISIONI

CHECK COLLISIONI STEP 3
NO COLLISIONI

CHECK COLLISIONI STEP 4
NO COLLISIONI

CHECK COLLISIONI STEP 5
NO COLLISIONI

CHECK COLLISIONI STEP 6
NO COLLISIONI

CHECK COLLISIONI STEP 7
NO COLLISIONI

CHECK COLLISIONI STEP 8
NO COLLISIONI

CHECK COLLISIONI STEP 9
NO COLLISIONI

CHECK COLLISIONI STEP 10
NO COLLISIONI

CHECK COLLISIONI STEP 11
NO COLLISIONI

CHECK COLLISIONI STEP 12
NO COLLISIONI

CHECK COLLISIONI STEP 13
NO COLLISIONI

CHECK COLLISIONI STEP 14
NO COLLISIONI

CHECK COLLISIONI STEP 15
NO COLLISIONI

CHECK COLLISIONI STEP 16
NO COLLISIONI

CHECK COLLISIONI STEP 17
NO COLLISIONI

CHECK COLLISIONI STEP 18
NO COLLISIONI

CHECK COLLISIONI STEP 19
NO COLLISIONI

CHECK COLLISIONI STEP 20
NO COLLISIONI

CHECK COLLISIONI STEP 21
NO COLLISIONI

CHECK COLLISIONI STEP 22
NO COLLISIONI

CHECK COLLISIONI STEP 23
NO COLLISIONI

CHECK COLLISIONI STEP 24
NO COLLISIONI

CHECK COLLISIONI STEP 25
NO COLLISIONI

CHECK COLLISIONI STEP 26
NO COLLISIONI

CHECK COLLISIONI STEP 27
NO COLLISIONI

CHECK COLLISIONI STEP 28
NO COLLISIONI

CHECK COLLISIONI STEP 29
NO COLLISIONI

CHECK COLLISIONI STEP 30
NO COLLISIONI

CHECK COLLISIONI STEP 31
NO COLLISIONI

CHECK COLLISIONI STEP 32
NO COLLISIONI

CHECK COLLISIONI STEP 33
NO COLLISIONI

CHECK COLLISIONI STEP 34
NO COLLISIONI

CHECK COLLISIONI STEP 35
NO COLLISIONI

CHECK COLLISIONI STEP 36
NO COLLISIONI

CHECK COLLISIONI STEP 37
NO COLLISIONI

CHECK COLLISIONI STEP 38
NO COLLISIONI

CHECK COLLISIONI STEP 39
NO COLLISIONI

CHECK COLLISIONI STEP 40
NO COLLISIONI

CHECK COLLISIONI STEP 41
NO COLLISIONI

CHECK COLLISIONI STEP 42
NO COLLISIONI

CHECK COLLISIONI STEP 43
NO COLLISIONI

CHECK COLLISIONI STEP 44
NO COLLISIONI

CHECK COLLISIONI STEP 45
NO COLLISIONI

CHECK COLLISIONI STEP 46
NO COLLISIONI

CHECK COLLISIONI STEP 47
NO COLLISIONI

CHECK COLLISIONI STEP 48
NO COLLISIONI

CHECK COLLISIONI STEP 49
NO COLLISIONI

CHECK COLLISIONI STEP 50
NO COLLISIONI

CHECK COLLISIONI STEP 51
NO COLLISIONI

CHECK COLLISIONI STEP 52
NO COLLISIONI

CHECK COLLISIONI STEP 53
NO COLLISIONI

CHECK COLLISIONI STEP 54
NO COLLISIONI

CHECK COLLISIONI STEP 55
NO COLLISIONI

CHECK COLLISIONI STEP 56
NO COLLISIONI

CHECK COLLISIONI STEP 57
NO COLLISIONI

CHECK COLLISIONI STEP 58
NO COLLISIONI

CHECK COLLISIONI STEP 59
NO COLLISIONI

CHECK COLLISIONI STEP 60
NO COLLISIONI

CHECK COLLISIONI STEP 61
NO COLLISIONI

CHECK COLLISIONI STEP 62
NO COLLISIONI

CHECK COLLISIONI STEP 63
NO COLLISIONI

CHECK COLLISIONI STEP 64
NO COLLISIONI

CHECK COLLISIONI STEP 65
NO COLLISIONI

CHECK COLLISIONI STEP 66
NO COLLISIONI

CHECK COLLISIONI STEP 67
NO COLLISIONI

CHECK COLLISIONI STEP 68
NO COLLISIONI

CHECK COLLISIONI STEP 69
NO COLLISIONI

CHECK COLLISIONI STEP 70
NO COLLISIONI

CHECK COLLISIONI STEP 71
NO COLLISIONI

CHECK COLLISIONI STEP 72
NO COLLISIONI

CHECK COLLISIONI STEP 73
NO COLLISIONI

CHECK COLLISIONI STEP 74
NO COLLISIONI

CHECK COLLISIONI STEP 75
NO COLLISIONI

CHECK COLLISIONI STEP 76
NO COLLISIONI

CHECK COLLISIONI STEP 77
NO COLLISIONI

CHECK COLLISIONI STEP 78
NO COLLISIONI

CHECK COLLISIONI STEP 79
NO COLLISIONI

CHECK COLLISIONI STEP 80
NO COLLISIONI

CHECK COLLISIONI STEP 81
NO COLLISIONI

CHECK COLLISIONI STEP 82
NO COLLISIONI

CHECK COLLISIONI STEP 83
NO COLLISIONI

CHECK COLLISIONI STEP 84
NO COLLISIONI

CHECK COLLISIONI STEP 85
NO COLLISIONI

CHECK COLLISIONI STEP 86
NO COLLISIONI

CHECK COLLISIONI STEP 87
NO COLLISIONI

CHECK COLLISIONI STEP 88
NO COLLISIONI

CHECK COLLISIONI STEP 89
NO COLLISIONI

CHECK COLLISIONI STEP 90
NO COLLISIONI

CHECK COLLISIONI STEP 91
NO COLLISIONI

CHECK COLLISIONI STEP 92
NO COLLISIONI

CHECK COLLISIONI STEP 93
NO COLLISIONI

CHECK COLLISIONI STEP 94
NO COLLISIONI

CHECK COLLISIONI STEP 95
NO COLLISIONI

CHECK COLLISIONI STEP 96
NO COLLISIONI

CHECK COLLISIONI STEP 97
NO COLLISIONI

CHECK COLLISIONI STEP 98
NO COLLISIONI

CHECK COLLISIONI STEP 99
NO COLLISIONI


MATRICE di q

1.91931 -5.55883e-05 -1.47011 -3.24801 -1.5708 3.95455 
1.91657 0.000652252 -1.47808 -3.2408 -1.57085 3.96822 
1.91381 0.00130153 -1.4859 -3.23368 -1.57089 3.98054 
1.91105 0.00189621 -1.49358 -3.22663 -1.57093 3.9916 
1.90827 0.00243853 -1.50114 -3.21964 -1.57097 4.00148 
1.90547 0.00293001 -1.50859 -3.2127 -1.57101 4.01025 
1.90266 0.00337361 -1.51595 -3.20581 -1.57104 4.01799 
1.89982 0.00376973 -1.52321 -3.19897 -1.57107 4.02476 
1.89696 0.00412029 -1.53038 -3.19215 -1.5711 4.03063 
1.89406 0.00442685 -1.53749 -3.18536 -1.57112 4.03565 
1.89115 0.00468917 -1.54452 -3.1786 -1.57114 4.03988 
1.88819 0.00490857 -1.55148 -3.17186 -1.57116 4.04336 
1.88521 0.00508541 -1.55838 -3.16513 -1.57118 4.04616 
1.88219 0.00521997 -1.56523 -3.15842 -1.5712 4.0483 
1.87914 0.00531345 -1.57202 -3.15171 -1.57121 4.04985 
1.87604 0.00536565 -1.57876 -3.14501 -1.57122 4.05082 
1.87291 0.00537621 -1.58545 -3.13832 -1.57123 4.05127 
1.86974 0.00534629 -1.5921 -3.13163 -1.57124 4.05124 
1.86652 0.00527509 -1.5987 -3.12494 -1.57125 4.05074 
1.86326 0.00516345 -1.60526 -3.11824 -1.57125 4.04982 
1.85995 0.00501049 -1.61178 -3.11155 -1.57126 4.0485 
1.85659 0.00481653 -1.61827 -3.10485 -1.57126 4.04682 
1.85319 0.00458149 -1.62471 -3.09814 -1.57126 4.04479 
1.84973 0.00430545 -1.63112 -3.09143 -1.57127 4.04244 
1.84622 0.00398801 -1.6375 -3.08471 -1.57126 4.03981 
1.84266 0.00362909 -1.64384 -3.07798 -1.57126 4.0369 
1.83905 0.00322845 -1.65015 -3.07124 -1.57126 4.03375 
1.83537 0.00278621 -1.65643 -3.06449 -1.57126 4.03036 
1.83164 0.00230105 -1.66267 -3.05773 -1.57126 4.02676 
1.82785 0.00177393 -1.66889 -3.05095 -1.57126 4.02297 
1.82399 0.00120369 -1.67507 -3.04416 -1.57125 4.019 
1.82008 0.000590812 -1.68123 -3.03736 -1.57125 4.01487 
1.81609 -6.57483e-05 -1.68735 -3.03054 -1.57125 4.01059 
1.81204 -0.000765508 -1.69345 -3.0237 -1.57124 4.00619 
1.80792 -0.00150959 -1.69952 -3.01685 -1.57124 4.00166 
1.80373 -0.00229811 -1.70556 -3.00998 -1.57123 3.99703 
1.79947 -0.00313139 -1.71158 -3.00309 -1.57123 3.99231 
1.79513 -0.00400979 -1.71756 -2.99619 -1.57123 3.98751 
1.79071 -0.00493371 -1.72353 -2.98926 -1.57122 3.98264 
1.78622 -0.00590351 -1.72946 -2.98231 -1.57122 3.97771 
1.78164 -0.00691983 -1.73537 -2.97534 -1.57121 3.97274 
1.77698 -0.00798307 -1.74125 -2.96835 -1.57121 3.96772 
1.77223 -0.00909367 -1.74711 -2.96134 -1.5712 3.96268 
1.76739 -0.0102522 -1.75294 -2.9543 -1.5712 3.95762 
1.76246 -0.0114596 -1.75875 -2.94724 -1.57119 3.95256 
1.75743 -0.0127155 -1.76453 -2.94015 -1.57119 3.94749 
1.75231 -0.0140211 -1.77029 -2.93304 -1.57119 3.94243 
1.74709 -0.0153773 -1.77603 -2.9259 -1.57118 3.93738 
1.74176 -0.0167839 -1.78174 -2.91873 -1.57118 3.93237 
1.73632 -0.0182422 -1.78743 -2.91154 -1.57118 3.92738 
1.73077 -0.0197527 -1.79309 -2.90432 -1.57118 3.92243 
1.72511 -0.0213158 -1.79874 -2.89706 -1.57117 3.91754 
1.71933 -0.0229327 -1.80436 -2.88977 -1.57117 3.91269 
1.71343 -0.0246041 -1.80995 -2.88245 -1.57117 3.90792 
1.7074 -0.0263307 -1.81553 -2.8751 -1.57117 3.90321 
1.70124 -0.0281134 -1.82108 -2.86771 -1.57117 3.89859 
1.69494 -0.0299525 -1.82662 -2.86029 -1.57117 3.89405 
1.6885 -0.0318501 -1.83213 -2.85282 -1.57117 3.88961 
1.68192 -0.0338067 -1.83762 -2.84532 -1.57117 3.88527 
1.67518 -0.0358233 -1.84309 -2.83778 -1.57117 3.88103 
1.66829 -0.0379011 -1.84854 -2.8302 -1.57117 3.87692 
1.66124 -0.0400414 -1.85397 -2.82258 -1.57117 3.87294 
1.65402 -0.0422449 -1.85938 -2.81491 -1.57117 3.86909 
1.64662 -0.0445132 -1.86478 -2.80719 -1.57118 3.86538 
1.63904 -0.0468476 -1.87015 -2.79943 -1.57118 3.86183 
1.63126 -0.0492497 -1.87551 -2.79162 -1.57119 3.85843 
1.62329 -0.0517214 -1.88085 -2.78375 -1.57119 3.85521 
1.61511 -0.0542636 -1.88617 -2.77583 -1.57119 3.85218 
1.60672 -0.0568785 -1.89147 -2.76785 -1.5712 3.84933 
1.5981 -0.0595681 -1.89676 -2.75982 -1.5712 3.84669 
1.58925 -0.0623339 -1.90204 -2.75172 -1.57121 3.84426 
1.58015 -0.0651787 -1.9073 -2.74356 -1.57122 3.84206 
1.57079 -0.0681041 -1.91254 -2.73533 -1.57122 3.8401 
1.56117 -0.0711133 -1.91777 -2.72704 -1.57123 3.83839 
1.55126 -0.0742083 -1.92299 -2.71866 -1.57124 3.83694 
1.54105 -0.0773926 -1.9282 -2.71021 -1.57125 3.83578 
1.53052 -0.0806685 -1.9334 -2.70168 -1.57126 3.83492 
1.51967 -0.0840402 -1.93859 -2.69306 -1.57127 3.83438 
1.50847 -0.087511 -1.94377 -2.68435 -1.57128 3.83417 
1.49691 -0.0910848 -1.94894 -2.67554 -1.57129 3.83431 
1.48495 -0.0947662 -1.95411 -2.66663 -1.5713 3.83484 
1.47258 -0.09856 -1.95927 -2.65762 -1.57131 3.83576 
1.45978 -0.102471 -1.96444 -2.64848 -1.57132 3.83711 
1.4465 -0.106506 -1.9696 -2.63923 -1.57133 3.83892 
1.43274 -0.110672 -1.97476 -2.62984 -1.57135 3.84121 
1.41844 -0.114974 -1.97992 -2.62031 -1.57136 3.84403 
1.40357 -0.119421 -1.98509 -2.61063 -1.57137 3.84741 
1.3881 -0.124024 -1.99027 -2.60078 -1.57139 3.85139 
1.37197 -0.128792 -1.99547 -2.59076 -1.5714 3.85601 
1.35512 -0.133736 -2.00068 -2.58054 -1.57142 3.86135 
1.33751 -0.138871 -2.00591 -2.57011 -1.57144 3.86745 
1.31905 -0.144213 -2.01116 -2.55944 -1.57145 3.87438 
1.29967 -0.149779 -2.01645 -2.54852 -1.57147 3.88223 
1.27928 -0.155591 -2.02178 -2.53731 -1.57149 3.89109 
1.25777 -0.161676 -2.02716 -2.52579 -1.57151 3.90107 
1.235 -0.168064 -2.03259 -2.5139 -1.57153 3.9123 
1.21082 -0.174793 -2.03809 -2.50159 -1.57155 3.92493 
1.18503 -0.181911 -2.04368 -2.48882 -1.57157 3.93917 
1.1574 -0.189477 -2.04937 -2.47549 -1.57159 3.95525 
1.12762 -0.197568 -2.0552 -2.46149 -1.57161 3.97347 

