STEP 1
Posizione end effector iniziale:   4.19994 -0.498325   6.49889
det = 65.538

J inversa
    0.105871     0.225524            0     0.224848    -0.105553  5.34195e-05
  -0.0487468   0.00582922    -0.235636     0.105803     0.261233 -0.000190664
    0.321091   -0.0381888     0.237512    -0.138838    -0.534403  0.000383191
   -0.272274    0.0325097  -0.00187626     0.458133      1.17832 -0.000858323
 2.27688e-05  4.85018e-05 -1.93448e-19    -0.905169     0.424925 -0.000215051
   -0.105871    -0.225525 -1.32066e-17    -0.225043     0.105645     0.999947
dot q: [-0.240114, 0.064347, -0.424392, 0.359849, 8.8e-05, 0.270543]
STEP 2
Posizione end effector iniziale:   4.14501 -0.514597   6.49851
det = 64.8489

J inversa
    0.109545      0.22764  1.33923e-17     0.226957    -0.109216  5.61421e-05
  -0.0450732   0.00564142    -0.235496     0.107595     0.256476 -0.000189101
    0.316716   -0.0394122     0.236699     -0.14176    -0.528332  0.000382401
   -0.271569    0.0339232   -0.0012023      0.46794      1.17288 -0.000862614
 2.44177e-05  5.07415e-05  1.57713e-17    -0.901044     0.433598  -0.00022289
   -0.109545    -0.227641  3.02215e-17    -0.227158     0.109313     0.999944
dot q: [-0.243239, 0.058309, -0.412073, 0.353503, 8.8e-05, 0.269892]
STEP 3
Posizione end effector iniziale:   4.09081 -0.530731   6.49818
det = 64.1431

J inversa
    0.113318     0.229734            0     0.229045    -0.112978   5.9594e-05
  -0.0414865    0.0054282    -0.235386     0.109389     0.251802 -0.000187611
    0.312529   -0.0406401     0.235981    -0.144731    -0.522509  0.000382038
   -0.270966    0.0353664 -0.000595479     0.477866      1.16746 -0.000867259
 2.64419e-05  5.36067e-05  -1.3369e-18     -0.89678     0.442343 -0.000233328
   -0.113318    -0.229734  -3.2524e-19    -0.229254     0.113081     0.999941
dot q: [-0.246677, 0.052694, -0.400959, 0.348076, 4.5e-05, 0.269745]
STEP 4
Posizione end effector iniziale:   4.03724 -0.546733    6.4979
det = 63.422

J inversa
    0.117198     0.231807 -2.74996e-17     0.231112    -0.116847  6.23866e-05
  -0.0379745   0.00518856    -0.235301     0.111184      0.24719 -0.000185642
     0.30851   -0.0418733     0.235351    -0.147754    -0.516903  0.000380621
   -0.270456    0.0368411 -5.01618e-05     0.487922      1.16206 -0.000869609
 2.82333e-05  5.58429e-05   3.0238e-21    -0.892369     0.451168 -0.000240887
   -0.117198    -0.231807 -6.08416e-22    -0.231327     0.116955     0.999938
dot q: [-0.250425, 0.047385, -0.390759, 0.343187, 3.1e-05, 0.270215]
STEP 5
Posizione end effector iniziale:   3.98423 -0.562615   6.49767
det = 62.6869

J inversa
    0.121192      0.23386  5.57309e-17     0.233158    -0.120829  6.52268e-05
  -0.0345273   0.00492168    -0.235238     0.112982     0.242628 -0.000183554
     0.30464   -0.0431135     0.234801    -0.150829    -0.511486   0.00037905
   -0.270031    0.0383499   0.00043782     0.498118      1.15664 -0.000871364
  3.0102e-05  5.80865e-05 -1.64468e-17    -0.887802     0.460083 -0.000248366
   -0.121192     -0.23386 -5.64718e-17    -0.233379     0.120943     0.999935
dot q: [-0.254504, 0.042338, -0.381375, 0.338781, 3e-05, 0.271161]
STEP 6
Posizione end effector iniziale:   3.93171 -0.578395   6.49748
det = 61.9392

J inversa
    0.125308     0.235891            0     0.235183    -0.124932  6.88726e-05
  -0.0311361   0.00462662    -0.235195     0.114783     0.238099 -0.000181511
    0.300905   -0.0443625     0.234323     -0.15396    -0.506233  0.000377878
   -0.269684    0.0398956  0.000871986     0.508464      1.15118 -0.000873432
 3.24073e-05  6.10065e-05 -4.45876e-18    -0.883069     0.469095 -0.000258604
   -0.125308    -0.235891  2.48264e-17    -0.235411     0.125053     0.999931
dot q: [-0.258858, 0.037565, -0.372773, 0.335028, -9e-06, 0.272576]
STEP 7
Posizione end effector iniziale:  3.87962 -0.59409  6.49732
det = 61.1798

J inversa
    0.129551       0.2379            0     0.237187    -0.129162  7.17919e-05
  -0.0277931   0.00430211    -0.235167     0.116586     0.233593 -0.000179046
    0.297291    -0.045621     0.233912    -0.157148    -0.501123   0.00037572
    -0.26941    0.0414798   0.00125582      0.51897      1.14567 -0.000873377
 3.44375e-05  6.32392e-05 -4.23687e-18    -0.878162     0.478212 -0.000265803
   -0.129551      -0.2379 -1.12805e-18     -0.23742      0.12929     0.999928
dot q: [-0.263524, 0.032966, -0.364765, 0.331595, 1.9e-05, 0.274427]
STEP 8
Posizione end effector iniziale:   3.82791 -0.609698   6.49718
det = 60.4097

J inversa
    0.133931     0.239887 -2.90033e-17     0.239168    -0.133529  7.50486e-05
  -0.0244916   0.00394714    -0.235154      0.11839     0.229096 -0.000176902
    0.293785   -0.0468907     0.233562    -0.160396    -0.496135  0.000374361
   -0.269203    0.0431061   0.00159164     0.529645      1.14008 -0.000874921
 3.66946e-05  6.57248e-05  1.34415e-17     -0.87307     0.487441 -0.000273962
   -0.133931    -0.239887  3.68583e-18    -0.239407     0.133662     0.999925
dot q: [-0.268449, 0.028542, -0.35731, 0.328549, -7.2e-05, 0.276807]
STEP 9
Posizione end effector iniziale:   3.77654 -0.625228   6.49707
det = 59.6297

J inversa
    0.138454      0.24185  5.87958e-17     0.241124    -0.138038  7.85573e-05
  -0.0212258   0.00356009    -0.235152     0.120196     0.224601 -0.000173843
    0.290378   -0.0481721      0.23327    -0.163705    -0.491255  0.000371328
   -0.269059    0.0447752   0.00188168     0.540497      1.13441 -0.000872064
 3.91467e-05  6.83812e-05  6.49921e-18    -0.867783     0.496786  -0.00028272
   -0.138454     -0.24185 -2.41427e-17     -0.24137     0.138179     0.999922
dot q: [-0.273709, 0.024277, -0.350349, 0.325873, -1.3e-05, 0.279625]
STEP 10
Posizione end effector iniziale: 3.72546 -0.6407 6.49698
det = 58.8407

J inversa
    0.143128     0.243786  -2.9801e-17     0.243055    -0.142699   8.1934e-05
  -0.0179902   0.00313993     -0.23516     0.122002     0.220095 -0.000171395
     0.28706   -0.0494675     0.233032    -0.167078    -0.486464  0.000369532
   -0.268974    0.0464919    0.0021279     0.551536      1.12863 -0.000872194
 4.16077e-05  7.08692e-05           -0    -0.862289     0.506255 -0.000290678
   -0.143128    -0.243786            0    -0.243306     0.142846     0.999918
dot q: [-0.279217, 0.020139, -0.343814, 0.323505, -7.6e-05, 0.282836]
STEP 11
Posizione end effector iniziale:   3.67463 -0.656113   6.49691
det = 58.0432

J inversa
    0.147963     0.245694            0     0.244957    -0.147519  8.50698e-05
  -0.0147803   0.00268485    -0.235176     0.123808      0.21557 -0.000168321
    0.283824    -0.050777     0.232844    -0.170515     -0.48175  0.000366461
   -0.268944     0.048257   0.00233187     0.562768      1.12273 -0.000869155
 4.40192e-05  7.30944e-05 -1.16863e-17    -0.856578     0.515852 -0.000297477
   -0.147963    -0.245694 -5.50471e-17    -0.245212     0.147672     0.999915
dot q: [-0.28502, 0.016075, -0.337575, 0.321259, -7.3e-05, 0.286479]
STEP 12
Posizione end effector iniziale:   3.62404 -0.671472   6.49685
det = 57.2382

J inversa
    0.152965     0.247569    6.127e-17     0.246826    -0.152506  8.91142e-05
  -0.0115923   0.00219348    -0.235198     0.125612     0.211019 -0.000165306
    0.280662   -0.0521023     0.232703    -0.174021    -0.477099  0.000363857
   -0.268967    0.0500742   0.00249454     0.574203      1.11669 -0.000866643
  4.6982e-05  7.60389e-05 -1.14281e-17    -0.850638     0.525582 -0.000307115
   -0.152965    -0.247569 -2.91548e-17    -0.247088     0.152667     0.999911
dot q: [-0.291099, 0.012157, -0.33175, 0.319427, -0.000102, 0.290523]
STEP 13
Posizione end effector iniziale:   3.57364 -0.686785    6.4968
det = 56.4262

J inversa
    0.158144     0.249409  -3.1067e-17      0.24866    -0.157669  9.23882e-05
 -0.00842229   0.00166394    -0.235224     0.127413     0.206433 -0.000162006
    0.277567    -0.053444     0.232607    -0.177596    -0.472499  0.000360479
    -0.26904    0.0519457   0.00261755     0.585846       1.1105 -0.000862483
 4.96226e-05    7.826e-05 -5.14341e-18    -0.844458     0.535449 -0.000313753
   -0.158144    -0.249409  5.02783e-17    -0.248926     0.157837     0.999908
dot q: [-0.297482, 0.008295, -0.326164, 0.317704, -0.000114, 0.295005]
STEP 14
Posizione end effector iniziale:   3.52342 -0.702063   6.49676
det = 55.6078

J inversa
    0.163508     0.251209 -3.15099e-17     0.250455    -0.163017  9.57413e-05
  -0.0052671   0.00109451    -0.235254      0.12921     0.201805 -0.000158606
    0.274534   -0.0548036     0.232553    -0.181242    -0.467938   0.00035697
   -0.269159    0.0538748   0.00270156     0.597707      1.10413 -0.000857812
  5.2385e-05  8.04827e-05  6.35182e-18    -0.838024     0.545457 -0.000320351
   -0.163508    -0.251209  2.77939e-17    -0.250723     0.163192     0.999904
dot q: [-0.304139, 0.004485, -0.320776, 0.316057, -0.000113, 0.299864]
STEP 15
Posizione end effector iniziale:   3.47335 -0.717299   6.49673
det = 54.7837

J inversa
    0.169066     0.252963  3.19641e-17     0.252204    -0.168559  0.000100026
  -0.0021242   0.00048337    -0.235286        0.131     0.197127 -0.000155232
    0.271557   -0.0561823     0.232539    -0.184962    -0.463405  0.000353872
   -0.269322    0.0558646   0.00274715     0.609792      1.09757 -0.000853567
 5.57483e-05  8.34126e-05 -7.56257e-18    -0.831323      0.55561 -0.000329709
   -0.169066    -0.252963   -2.819e-17    -0.252478     0.168742       0.9999
dot q: [-0.31109, 0.000769, -0.315683, 0.314754, -0.000138, 0.305131]
STEP 16
Posizione end effector iniziale:   3.42341 -0.732501   6.49671
det = 53.9544

J inversa
    0.174829     0.254668 -3.24303e-17     0.253904    -0.174304  0.000103524
  0.00100936  -0.00017168    -0.235318     0.132782     0.192393 -0.000151628
    0.268631   -0.0575806     0.232563    -0.188756     -0.45889  0.000350085
   -0.269527    0.0579177   0.00275529     0.622107      1.09081 -0.000847861
 5.87674e-05  8.56046e-05 -7.52494e-18    -0.824342     0.565909 -0.000336107
   -0.174829    -0.254668   4.9472e-17    -0.254181     0.174495     0.999897
dot q: [-0.318332, -0.002915, -0.310712, 0.313439, -0.000107, 0.310789]
STEP 17
Posizione end effector iniziale:    3.3736 -0.747677    6.4967
det = 53.1207

J inversa
    0.180805     0.256316  6.58183e-17     0.255547    -0.180263  0.000107473
  0.00413545 -0.000872553    -0.235349     0.134554     0.187596 -0.000148321
    0.265752   -0.0590002     0.232623    -0.192628    -0.454382  0.000347114
   -0.269771    0.0600381   0.00272627     0.634658      1.08382 -0.000843915
 6.21358e-05  8.80862e-05  4.61537e-18    -0.817066     0.576357 -0.000343625
   -0.180805    -0.256316 -2.43812e-17    -0.255828     0.180461     0.999893
dot q: [-0.325855, -0.00655, -0.305915, 0.312267, -0.000195, 0.316821]
STEP 18
Posizione end effector iniziale:    3.3239 -0.762823   6.49669
det = 52.283

J inversa
    0.187004     0.257901            0     0.257128    -0.186443  0.000111666
  0.00725588  -0.00162181    -0.235378     0.136311     0.182731 -0.000144209
    0.262916   -0.0604415     0.232718    -0.196577    -0.449873  0.000342588
   -0.270053    0.0622277   0.00266053      0.64745       1.0766   -0.0008357
 6.57474e-05  9.06735e-05  2.14235e-17    -0.809481     0.586955 -0.000351543
   -0.187004    -0.257901 -1.90242e-17    -0.257412      0.18665     0.999888
dot q: [-0.333725, -0.010137, -0.301288, 0.311239, -0.000129, 0.323292]
STEP 19
Posizione end effector iniziale:   3.27428 -0.777948   6.49668
det = 51.4419

J inversa
    0.193438     0.259416            0     0.258637    -0.192858   0.00011583
   0.0103728  -0.00242154    -0.235404     0.138054     0.177788 -0.000140707
    0.260119   -0.0619063     0.232845    -0.200607    -0.445351  0.000339378
    -0.27037    0.0644918   0.00255847     0.660492       1.0691 -0.000830829
 6.94485e-05   9.3136e-05  9.21214e-18    -0.801571     0.597706  -0.00035898
   -0.193438    -0.259416   2.8337e-18    -0.258925     0.193072     0.999884
dot q: [-0.341854, -0.013679, -0.29677, 0.310297, -0.000184, 0.330105]
STEP 20
Posizione end effector iniziale:   3.22475 -0.793051   6.49668
det = 50.5979

J inversa
    0.200116     0.260851            0     0.260068    -0.199516  0.000119674
   0.0134873  -0.00327448    -0.235425     0.139776     0.172765 -0.000136721
    0.257358    -0.063395     0.233005    -0.204718    -0.440809  0.000335069
    -0.27072    0.0668325   0.00242043     0.673786      1.06133 -0.000823145
 7.30627e-05  9.52372e-05    7.053e-18     -0.79332     0.608608 -0.000365058
   -0.200116    -0.260851  2.24753e-18    -0.260358     0.199738      0.99988
dot q: [-0.350303, -0.017206, -0.292341, 0.309355, -0.000224, 0.337317]
STEP 21
Posizione end effector iniziale:   3.17529 -0.808134   6.49668
det = 49.7517

J inversa
    0.207049     0.262198            0     0.261411    -0.206428   0.00012417
   0.0166005  -0.00418326     -0.23544     0.141474     0.167654 -0.000132384
    0.254628   -0.0649089     0.233194    -0.208911    -0.436237   0.00033027
   -0.271101    0.0692536   0.00224643     0.687336      1.05326 -0.000813722
 7.71842e-05  9.77426e-05 -8.67803e-18    -0.784711     0.619661 -0.000372736
   -0.207049    -0.262198  -2.8318e-18    -0.261704     0.206659     0.999876
dot q: [-0.359108, -0.02069, -0.28802, 0.308529, -0.000162, 0.344961]
STEP 22
Posizione end effector iniziale:   3.12588 -0.823203   6.49669
det = 48.9036

J inversa
    0.214249     0.263445   3.5517e-17     0.262655    -0.213606  0.000128656
   0.0197137  -0.00515046    -0.235449     0.143147     0.162449 -0.000128598
    0.251927   -0.0664496     0.233412    -0.213188    -0.431625  0.000326691
    -0.27151    0.0717606   0.00203672     0.701149      1.04487 -0.000807446
 8.14194e-05  0.000100115  1.37931e-17    -0.775726     0.630866 -0.000379973
   -0.214249    -0.263445  4.61897e-18     -0.26295     0.213846     0.999871
dot q: [-0.368196, -0.024137, -0.283787, 0.307777, -0.000213, 0.352958]
STEP 23
Posizione end effector iniziale:   3.07655 -0.838258    6.4967
det = 48.0544

J inversa
    0.221728     0.264583 -3.60867e-17     0.263789    -0.221062  0.000132816
   0.0228275   -0.0061793     -0.23545     0.144788     0.157145 -0.000124386
    0.249253   -0.0680177     0.233658     -0.21755    -0.426965  0.000322099
   -0.271947     0.074356   0.00179151     0.715226      1.03614 -0.000798544
 8.55651e-05  0.000102103 -7.24866e-18    -0.766348     0.642219 -0.000385851
   -0.221728    -0.264583  4.94344e-17    -0.264085      0.22131     0.999867
dot q: [-0.377642, -0.027587, -0.279583, 0.306951, -0.000218, 0.361377]
STEP 24
Posizione end effector iniziale:   3.02726 -0.853295   6.49671
det = 47.2044

J inversa
    0.229496     0.265598            0     0.264802    -0.228808  0.000138116
   0.0259425  -0.00727277    -0.235442     0.146393     0.151737 -0.000120108
    0.246601   -0.0696146     0.233931    -0.221998    -0.422247  0.000317816
   -0.272407    0.0770446   0.00151056     0.729571      1.02703 -0.000789818
 9.05734e-05  0.000104822 -2.10191e-17    -0.756555     0.653718 -0.000394608
   -0.229496    -0.265598  4.46199e-17      -0.2651     0.229066     0.999862
dot q: [-0.387406, -0.030961, -0.275504, 0.30632, -0.000232, 0.370225]
STEP 25
Posizione end effector iniziale:     2.978 -0.868321   6.49672
det = 46.3541

J inversa
    0.237567     0.266478 -3.72808e-17     0.265679    -0.236854  0.000142536
   0.0290593  -0.00843419    -0.235424     0.147957     0.146217 -0.000115751
     0.24397   -0.0712412     0.234229    -0.226532    -0.417461  0.000313047
    -0.27289    0.0798308   0.00119443     0.744185      1.01754 -0.000780125
 9.51366e-05  0.000106714  3.88404e-18    -0.746332      0.66536 -0.000400405
   -0.237567    -0.266478  1.38419e-18    -0.265977     0.237121     0.999858
dot q: [-0.397556, -0.034343, -0.271425, 0.305589, -0.000203, 0.37941]
STEP 26
Posizione end effector iniziale:   2.92879 -0.883336   6.49673
det = 45.5042

J inversa
    0.245953     0.267207            0     0.266405    -0.245215  0.000147592
   0.0321781  -0.00966692    -0.235394     0.149475     0.140581 -0.000111619
    0.241356   -0.0728994     0.234552    -0.231153    -0.412599  0.000309049
   -0.273393    0.0827199   0.00084278     0.759072      1.00764 -0.000772138
 0.000100256  0.000108919  9.96996e-19    -0.735653      0.67714 -0.000407562
   -0.245953    -0.267207  3.61452e-19    -0.266705     0.245491     0.999852
dot q: [-0.408001, -0.037683, -0.267383, 0.304889, -0.000288, 0.389003]
STEP 27
Posizione end effector iniziale:   2.87962 -0.898343   6.49675
det = 44.6551

J inversa
    0.254666     0.267768            0     0.266965    -0.253902  0.000152786
   0.0352983   -0.0109748    -0.235353     0.150939     0.134825 -0.000106797
    0.238758   -0.0745896     0.234897     -0.23586    -0.407652  0.000303571
   -0.273913    0.0857152  0.000455806     0.774229     0.997296  -0.00075996
 0.000105611  0.000111044 -2.84945e-18    -0.724501     0.689052 -0.000414639
   -0.254666    -0.267768  5.11192e-17    -0.267265     0.254188     0.999847
dot q: [-0.418856, -0.04099, -0.263411, 0.304265, -0.000259, 0.399055]
STEP 28
Posizione end effector iniziale:   2.83047 -0.913339   6.49677
det = 43.8072

J inversa
     0.26372     0.268145  3.92239e-17      0.26734    -0.262929  0.000157541
   0.0384205   -0.0123614    -0.235299     0.152345     0.128941 -0.000102246
    0.236172   -0.0763137     0.235265    -0.240654    -0.402609  0.000298536
   -0.274447    0.0888234   3.3576e-05     0.789658     0.986487 -0.000749115
   0.0001108  0.000112659  1.10233e-17    -0.712852      0.70109 -0.000420076
    -0.26372    -0.268145 -4.81016e-17     -0.26764     0.263224     0.999843
dot q: [-0.43008, -0.044282, -0.259438, 0.303546, -0.000231, 0.40958]
STEP 29
Posizione end effector iniziale:   2.78135 -0.928326   6.49678
det = 42.961

J inversa
    0.273128     0.268317 -7.98333e-17     0.267512    -0.272309  0.000163036
    0.041544   -0.0138308     -0.23523     0.153684     0.122926 -9.78924e-05
    0.233597   -0.0780731     0.235654    -0.245536    -0.397461  0.000294267
   -0.274993    0.0920498  -0.00042403     0.805358     0.975183 -0.000739958
 0.000116654  0.000114599   6.3024e-18    -0.700682     0.713245 -0.000427032
   -0.273128    -0.268317  2.43241e-18    -0.267812     0.272613     0.999837
dot q: [-0.441638, -0.047532, -0.255469, 0.302831, -0.000315, 0.420375]
STEP 30
Posizione end effector iniziale:   2.73226 -0.943308    6.4968
det = 42.1172

J inversa
    0.282902     0.268265 -4.06339e-17      0.26746    -0.282053  0.000168658
   0.0446676   -0.0153874    -0.235147     0.154949     0.116774 -9.28883e-05
    0.231031   -0.0798686     0.236064    -0.250502    -0.392198  0.000288546
   -0.275548    0.0953985 -0.000916864     0.821324     0.963359  -0.00072664
 0.000122752  0.000116401 -9.41643e-18     -0.68797     0.725507 -0.000433829
   -0.282902    -0.268265 -5.60307e-17    -0.267758     0.282368     0.999831
dot q: [-0.453633, -0.050753, -0.251538, 0.302122, -0.000251, 0.431702]
STEP 31
Posizione end effector iniziale:   2.68318 -0.958281   6.49682
det = 41.2761

J inversa
    0.293056     0.267964 -1.24131e-16      0.26716    -0.292176  0.000174461
   0.0477913   -0.0170354    -0.235048     0.156133     0.110481 -8.83818e-05
     0.22847   -0.0817025     0.236493    -0.255554    -0.386808  0.000284066
   -0.276108    0.0988775  -0.00144492     0.837556     0.950982 -0.000716625
 0.000129138  0.000118081 -1.92003e-18    -0.674689     0.737866 -0.000440585
   -0.293056    -0.267964 -6.80919e-19    -0.267457     0.292501     0.999826
dot q: [-0.465985, -0.053925, -0.247628, 0.301423, -0.000297, 0.443478]
STEP 32
Posizione end effector iniziale:   2.63412 -0.973253   6.49684
det = 40.4381

J inversa
    0.303602      0.26739            0     0.266588    -0.302691  0.000179838
   0.0509135   -0.0187797    -0.234932     0.157224     0.104042 -8.35655e-05
    0.225913   -0.0835756      0.23694    -0.260689    -0.381284  0.000278669
   -0.276672     0.102491  -0.00200798     0.854045     0.938022 -0.000704164
 0.000135365  0.000119219 -1.30158e-18    -0.660815     0.750309 -0.000445782
   -0.303602     -0.26739 -5.25666e-19    -0.266882     0.303026      0.99982
dot q: [-0.478715, -0.05708, -0.24366, 0.300539, -0.000312, 0.455568]
STEP 33
Posizione end effector iniziale:   2.58508 -0.988213   6.49686
det = 39.6038

J inversa
    0.314554     0.266516            0     0.265716     -0.31361  0.000186573
   0.0540325   -0.0206249    -0.234799     0.158216    0.0974532 -7.85688e-05
    0.223357   -0.0854896     0.237405    -0.265906    -0.375614  0.000273417
   -0.277233     0.106247  -0.00260618     0.870784     0.924449 -0.000691428
 0.000142777  0.000120972  8.12895e-18    -0.646323     0.762819 -0.000453817
   -0.314554    -0.266516 -4.92241e-17     -0.26601     0.313956     0.999813
dot q: [-0.491883, -0.060166, -0.239763, 0.299811, -0.000314, 0.468179]
STEP 34
Posizione end effector iniziale:  2.53606 -1.00318  6.49689
det = 38.7737

J inversa
    0.325924     0.265313 -4.37775e-17     0.264517    -0.324946  0.000192162
   0.0571472   -0.0225763    -0.234647     0.159095    0.0907097 -7.36545e-05
      0.2208   -0.0874462     0.237886    -0.271202    -0.369786  0.000267839
   -0.277789     0.110151  -0.00323909     0.887767     0.910228 -0.000678203
 0.000149476  0.000121678  3.84279e-18    -0.631187     0.775383 -0.000458534
   -0.325924    -0.265313  5.46133e-17    -0.264806     0.325302     0.999808
dot q: [-0.505437, -0.063226, -0.235802, 0.298867, -0.00029, 0.481268]
STEP 35
Posizione end effector iniziale:  2.48705 -1.01813  6.49691
det = 37.9482

J inversa
    0.337724     0.263748  8.92804e-17     0.262957    -0.336711  0.000198686
   0.0602552   -0.0246392    -0.234476     0.159853    0.0838086 -6.88653e-05
     0.21824   -0.0894474     0.238382    -0.276575    -0.363791  0.000262972
   -0.278336     0.114211  -0.00390675     0.904981     0.895324 -0.000666524
 0.000157063  0.000122659 -1.46699e-17    -0.615379     0.787979  -0.00046497
   -0.337724    -0.263748 -5.89901e-17    -0.263243     0.337077     0.999801
dot q: [-0.519352, -0.066227, -0.231837, 0.297918, -0.000374, 0.49464]
STEP 36
Posizione end effector iniziale:  2.43805 -1.03308  6.49693
det = 37.1277

J inversa
    0.349964     0.261789            0     0.261003    -0.348914  0.000205188
    0.063354   -0.0268192    -0.234285     0.160477    0.0767479  -6.3505e-05
    0.215675    -0.091494     0.238894    -0.282019    -0.357618  0.000256641
   -0.278869     0.118433  -0.00460885     0.922413     0.879707 -0.000650594
 0.000164799  0.000123277   2.2568e-17    -0.598874     0.800587 -0.000470805
   -0.349964    -0.261789  9.84627e-18    -0.261285     0.349291     0.999795
dot q: [-0.533724, -0.069163, -0.227893, 0.296944, -0.000338, 0.508602]
STEP 37
Posizione end effector iniziale:  2.38906 -1.04803  6.49696
det = 36.3128

J inversa
    0.362657     0.259397  9.29424e-17     0.258618    -0.361569  0.000211326
   0.0664414   -0.0291221    -0.234073     0.160954    0.0695227 -5.84564e-05
    0.213102   -0.0935885     0.239418    -0.287533    -0.351254  0.000250875
   -0.279382     0.122826  -0.00534499      0.94005     0.863337 -0.000636357
 0.000172401  0.000123312  -1.4812e-17    -0.581643     0.813184 -0.000475282
   -0.362657    -0.259397 -6.29623e-18    -0.258895     0.361956     0.999789
dot q: [-0.548483, -0.072047, -0.223874, 0.295768, -0.000319, 0.522879]
STEP 38
Posizione end effector iniziale:  2.34007 -1.06298  6.49699
det = 35.5039

J inversa
     0.37581     0.256532 -9.48879e-17     0.255762    -0.374683  0.000218435
   0.0695139   -0.0315538    -0.233841     0.161271    0.0621324 -5.34814e-05
    0.210518   -0.0957329     0.239956    -0.293111     -0.34469  0.000245723
    -0.27987     0.127397  -0.00611491     0.957873     0.846179 -0.000623419
 0.000180953  0.000123521  2.50676e-18     -0.56366     0.825742 -0.000481397
    -0.37581    -0.256532  1.13866e-18    -0.256034      0.37508     0.999782
dot q: [-0.563602, -0.074854, -0.219853, 0.294575, -0.000402, 0.53759]
STEP 39
Posizione end effector iniziale:   2.2911 -1.07792  6.49701
det = 34.7015

J inversa
    0.389431     0.253152  4.84581e-17     0.252393    -0.388263  0.000225423
   0.0725677    -0.034121    -0.233586     0.161413    0.0545764 -4.79891e-05
    0.207922   -0.0979284     0.240504    -0.298746    -0.337914  0.000239114
   -0.280328     0.132154   -0.0069181      0.97586     0.828198 -0.000606223
 0.000189568   0.00012323  1.81765e-17    -0.544899     0.838233 -0.000486672
   -0.389431    -0.253152  8.04401e-18    -0.252658     0.388671     0.999775
dot q: [-0.579144, -0.077594, -0.215793, 0.293247, -0.000337, 0.552805]
STEP 40
Posizione end effector iniziale:  2.24213 -1.09287  6.49704
det = 33.9061

J inversa
    0.403526     0.249212 -4.95164e-17     0.248464    -0.402316  0.000232826
   0.0755992   -0.0368298     -0.23331     0.161366    0.0468524 -4.29207e-05
    0.205311    -0.100178     0.241064    -0.304435    -0.330913  0.000233765
   -0.280748     0.137107   -0.0077541      0.99399     0.809353 -0.000592463
 0.000198689  0.000122707  1.06981e-17    -0.525332     0.850623 -0.000492267
   -0.403526    -0.249212  5.06509e-18    -0.248723     0.402735     0.999767
dot q: [-0.595034, -0.080235, -0.211717, 0.291861, -0.000376, 0.568281]
STEP 41
Posizione end effector iniziale:  2.19317 -1.10781  6.49707
det = 33.1182

J inversa
    0.418099     0.244662  5.06218e-17     0.243928    -0.416845  0.000239564
   0.0786037   -0.0396871    -0.233011     0.161113    0.0389618 -3.76953e-05
    0.202681    -0.102482     0.241633    -0.310167    -0.323678   0.00022759
   -0.281123     0.142264  -0.00862212      1.01223     0.789612 -0.000576474
 0.000207386  0.000121358  6.33551e-18    -0.504936     0.862879 -0.000495903
   -0.418099    -0.244662  5.57597e-17    -0.244178     0.417273      0.99976
dot q: [-0.611293, -0.082808, -0.207555, 0.290209, -0.000403, 0.584253]
STEP 42
Posizione end effector iniziale:  2.14421 -1.12276   6.4971
det = 32.3382

J inversa
     0.43315     0.239449 -1.03555e-16     0.238731    -0.431851  0.000247799
   0.0815756   -0.0426998    -0.232689     0.160638    0.0309068 -3.21906e-05
    0.200031    -0.104844      0.24221    -0.315937    -0.316196  0.000221352
   -0.281446     0.147632  -0.00952169      1.03056     0.768934 -0.000559621
  0.00021752  0.000120247  1.17096e-17    -0.483684     0.874959 -0.000502058
    -0.43315    -0.239449  1.12291e-16    -0.238974      0.43229     0.999752
dot q: [-0.627883, -0.085251, -0.203403, 0.28858, -0.000391, 0.600473]
STEP 43
Posizione end effector iniziale: 2.09526 -1.1377 6.49714
det = 31.5666

J inversa
    0.448678     0.233519 -1.05975e-16     0.232818    -0.447332  0.000254739
   0.0845097   -0.0458749    -0.232343     0.159922    0.0226885 -2.69358e-05
    0.197357    -0.107265     0.242795    -0.321734    -0.308458  0.000215015
   -0.281708     0.153223   -0.0104516      1.04894     0.747284 -0.000542901
 0.000226646   0.00011796  7.96423e-19    -0.461556     0.886824 -0.000505013
   -0.448678    -0.233519 -5.35092e-17    -0.233052      0.44778     0.999745
dot q: [-0.64479, -0.087602, -0.19918, 0.28671, -0.000399, 0.617138]
STEP 44
Posizione end effector iniziale:  2.04631 -1.15265  6.49717
det = 30.8041

J inversa
    0.464677     0.226813            0     0.226133    -0.463283  0.000261899
   0.0873993   -0.0492197    -0.231975     0.158947    0.0143116 -2.16575e-05
    0.194657    -0.109748     0.243386    -0.327547    -0.300452   0.00020862
   -0.281898     0.159045   -0.0114112      1.06734     0.724627 -0.000525825
 0.000236066  0.000115226 -2.28321e-18    -0.438529     0.898425 -0.000507889
   -0.464677    -0.226813  -1.0863e-16    -0.226355      0.46374     0.999738
dot q: [-0.661955, -0.089832, -0.194853, 0.284551, -0.000433, 0.633964]
STEP 45
Posizione end effector iniziale:  1.99736 -1.16759   6.4972
det = 30.0511

J inversa
    0.481135     0.219269            0     0.218611    -0.479691  0.000270633
   0.0902363   -0.0527411    -0.231584     0.157695   0.00578333 -1.60529e-05
    0.191926    -0.112295     0.243983    -0.333367    -0.292168  0.000202051
   -0.282007     0.165106   -0.0123992       1.0857     0.700928 -0.000507543
 0.000247006  0.000112569  1.57845e-18    -0.414586     0.909713 -0.000513243
   -0.481135    -0.219269  1.44836e-19    -0.218824     0.480158     0.999729
dot q: [-0.67939, -0.091913, -0.190536, 0.282397, -0.000413, 0.65119]
STEP 46
Posizione end effector iniziale:  1.94842 -1.18254  6.49724
det = 29.3081

J inversa
    0.498038     0.210823            0      0.21019    -0.496544  0.000277937
   0.0930136   -0.0564466    -0.231169     0.156144  -0.00289147  -1.0781e-05
    0.189161    -0.114907     0.244583    -0.339181    -0.283596  0.000195496
   -0.282023     0.171418   -0.0134142      1.10399     0.676155 -0.000489742
  0.00025672  0.000108671  1.59666e-18    -0.389711     0.920635 -0.000515319
   -0.498038    -0.210823  1.60662e-18    -0.210391     0.497018     0.999722
dot q: [-0.697029, -0.093866, -0.186109, 0.27988, -0.000406, 0.66858]
STEP 47
Posizione end effector iniziale:  1.89947 -1.19749  6.49728
det = 28.5758

J inversa
    0.515365     0.201407  1.16898e-16     0.200803    -0.513819  0.000286458
   0.0957216   -0.0603433    -0.230732     0.154276   -0.0117023   -5.459e-06
    0.186359    -0.117587     0.245187    -0.344974    -0.274726   0.00018937
   -0.281932     0.177988    -0.014455      1.12216     0.650276   -0.0004727
  0.00026761  0.000104583  1.13068e-17    -0.363892     0.931134 -0.000519113
   -0.515365    -0.201407  6.24521e-18    -0.200992     0.514302     0.999713
dot q: [-0.714731, -0.095641, -0.181621, 0.277209, -0.00048, 0.685997]
STEP 48
Posizione end effector iniziale:  1.85053 -1.21245  6.49733
det = 27.8547

J inversa
    0.533087     0.190954            0     0.190381    -0.531488   0.00029435
   0.0983499   -0.0644379    -0.230272     0.152068   -0.0206364  1.36334e-07
    0.183516    -0.120336     0.245792    -0.350732    -0.265554   0.00018187
   -0.281722     0.184825   -0.0155197      1.14014     0.623269 -0.000451599
 0.000277942  9.95602e-05 -3.26526e-18    -0.337124     0.941148 -0.000521229
   -0.533087    -0.190954 -1.84567e-18    -0.190557     0.531979     0.999706
dot q: [-0.732622, -0.097244, -0.177059, 0.274228, -0.00042, 0.70372]
STEP 49
Posizione end effector iniziale: 1.80158 -1.2274 6.49736
det = 27.1455

J inversa
     0.55117     0.179392  -1.2325e-16     0.178853    -0.549517  0.000303035
    0.100888   -0.0687371    -0.229791     0.149502    -0.029682  5.43791e-06
    0.180627    -0.123157     0.246397     -0.35644    -0.256067  0.000175585
   -0.281375      0.19194   -0.0166066      1.15788     0.595104 -0.000433818
 0.000289024  9.40697e-05 -2.47358e-18      -0.3094     0.950613 -0.000524223
    -0.55117    -0.179392 -1.43119e-18    -0.179016     0.550015     0.999697
dot q: [-0.750435, -0.098643, -0.172421, 0.271051, -0.000446, 0.721276]
STEP 50
Posizione end effector iniziale:  1.75263 -1.24237  6.49741
det = 26.4488

J inversa
     0.56957     0.166649 -1.26692e-16     0.166149    -0.567861  0.000310568
    0.103322   -0.0732469    -0.229288     0.146555   -0.0388212  1.06628e-05
    0.177687    -0.126051     0.247002    -0.362079    -0.246263  0.000168621
   -0.280875     0.199337   -0.0177133      1.17532     0.565765 -0.000414243
 0.000298968  8.74746e-05  6.60006e-18    -0.280728     0.959464 -0.000524739
    -0.56957    -0.166649  1.13601e-16    -0.166297     0.568365     0.999689
dot q: [-0.768169, -0.099842, -0.167652, 0.267428, -0.000486, 0.738869]
STEP 51
Posizione end effector iniziale:  1.70368 -1.25734  6.49746
det = 25.7653

J inversa
    0.588231     0.152656            0     0.152198    -0.586466  0.000319634
    0.105639   -0.0779723    -0.228766     0.143209   -0.0480332  1.62212e-05
    0.174691    -0.129019     0.247604    -0.367631    -0.236137  0.000161366
   -0.280203     0.207024   -0.0188378      1.19239      0.53524  -0.00039311
 0.000310317  8.05327e-05  7.49555e-18    -0.251116     0.967627 -0.000527373
   -0.588231    -0.152656  1.14505e-16    -0.152331     0.586977      0.99968
dot q: [-0.785783, -0.100802, -0.162854, 0.26367, -0.000455, 0.756296]
STEP 52
Posizione end effector iniziale:  1.65472 -1.27231  6.49751
det = 25.0957

J inversa
    0.607094     0.137343 -1.34189e-16     0.136931    -0.605272  0.000327028
    0.107824   -0.0829183    -0.228225     0.139443   -0.0572983  2.13146e-05
    0.171634    -0.132062     0.248202    -0.373077    -0.225684  0.000154275
   -0.279339     0.215007   -0.0199774      1.20901     0.503516 -0.000372917
 0.000319928  7.23773e-05  -4.2866e-18    -0.220582     0.975033  -0.00052681
   -0.607094    -0.137343  1.07561e-16    -0.137047     0.605786     0.999673
dot q: [-0.803063, -0.101508, -0.157896, 0.259427, -0.000457, 0.773357]
STEP 53
Posizione end effector iniziale:  1.60576 -1.28729  6.49756
det = 24.4408

J inversa
     0.62608     0.120643            0     0.120281    -0.624201  0.000334409
     0.10986   -0.0880874    -0.227667      0.13524   -0.0665882  2.63296e-05
     0.16851    -0.135181     0.248796    -0.378395    -0.214904  0.000147179
   -0.278258      0.22329   -0.0211291      1.22511     0.470595 -0.000352561
 0.000329357  6.34656e-05 -4.73962e-18    -0.189152     0.981607 -0.000525886
   -0.626079    -0.120643  1.05125e-16     -0.12038     0.624718     0.999665
dot q: [-0.819938, -0.101948, -0.152816, 0.25474, -0.000503, 0.790121]
STEP 54
Posizione end effector iniziale:  1.55679 -1.30227  6.49761
det = 23.8015

J inversa
    0.645101     0.102495  -1.4263e-16     0.102187    -0.643165  0.000343214
    0.111727   -0.0934812    -0.227093     0.130587   -0.0758726  3.16782e-05
    0.165312    -0.138375     0.249383    -0.383566    -0.203798  0.000139669
   -0.276937     0.231873   -0.0222898      1.24061     0.436483 -0.000330284
 0.000339982   5.4017e-05  3.69815e-19     -0.15686     0.987273 -0.000526841
     -0.6451    -0.102495  1.10989e-16     -0.10227     0.643686     0.999657
dot q: [-0.836285, -0.102076, -0.147664, 0.249796, -0.000464, 0.806316]
STEP 55
Posizione end effector iniziale:  1.50781 -1.31726  6.49767
det = 23.1785

J inversa
    0.664058    0.0828444            0    0.0825958    -0.662065  0.000350133
    0.113407   -0.0990994    -0.226505     0.125467   -0.0851202  3.64728e-05
    0.162034    -0.141644     0.249961    -0.388565     -0.19237  0.000132424
   -0.275347     0.240755   -0.0234561      1.25542     0.401192 -0.000309279
 0.000348486  4.34752e-05  3.01136e-18    -0.123752      0.99196 -0.000524598
   -0.664058   -0.0828444  2.01146e-18   -0.0826608     0.662586      0.99965
dot q: [-0.851929, -0.101896, -0.142336, 0.244249, -0.000462, 0.821768]
STEP 56
Posizione end effector iniziale:  1.45882 -1.33226  6.49773
det = 22.5728

J inversa
    0.682834    0.0616466  1.52208e-16    0.0614617    -0.680786  0.000358252
    0.114877    -0.104939    -0.225906     0.119872   -0.0942922   4.1342e-05
    0.158667    -0.144987     0.250531     -0.39337    -0.180624  0.000125503
    -0.27346     0.249934   -0.0246241      1.26945     0.364748 -0.000288753
 0.000357875  3.23091e-05  3.18285e-18   -0.0898826     0.995593 -0.000523914
   -0.682834   -0.0616466  1.07968e-16   -0.0615088     0.681308     0.999642
dot q: [-0.866702, -0.101345, -0.136904, 0.238331, -0.000517, 0.836459]
STEP 57
Posizione end effector iniziale:  1.40982 -1.34726   6.4978
det = 21.9854

J inversa
    0.701301    0.0388696 -1.57499e-16     0.038753    -0.699197  0.000364716
    0.116113    -0.110993    -0.225299     0.113797    -0.103347  4.60952e-05
    0.155205    -0.148401     0.251088    -0.397957     -0.16857  0.000117375
   -0.271247     0.259398   -0.0257895      1.28263     0.327186 -0.000264705
 0.000365253  2.02441e-05  1.29857e-18   -0.0553198     0.998103 -0.000520632
   -0.701301   -0.0388696  9.10362e-19   -0.0387818     0.699717     0.999635
dot q: [-0.880472, -0.100434, -0.131295, 0.231781, -0.000462, 0.850101]
STEP 58
Posizione end effector iniziale:  1.36081 -1.36228  6.49786
det = 21.4173

J inversa
    0.719314    0.0144957 -5.09361e-18    0.0144522    -0.717156  0.000372094
     0.11709    -0.117254    -0.224685     0.107242    -0.112241  5.06433e-05
    0.151637    -0.151882     0.251633    -0.402304    -0.156217  0.000110377
   -0.268668     0.269137    -0.026948      1.29486     0.288547 -0.000243781
 0.000373138  7.51955e-06  2.14929e-19   -0.0201406     0.999425 -0.000518549
   -0.719314   -0.0144957   3.5997e-18   -0.0144627     0.717674     0.999628
dot q: [-0.892999, -0.099107, -0.125567, 0.224793, -0.000461, 0.862508]
STEP 59
Posizione end effector iniziale:  1.31178 -1.37729  6.49793
det = 20.8695

J inversa
    0.736715    -0.011472 -2.51904e-18   -0.0114375    -0.734505  0.000377568
    0.117782    -0.123706    -0.224068     0.100211    -0.120924  5.47744e-05
    0.147957    -0.155425     0.252163    -0.406385    -0.143582  0.000103046
   -0.265692      0.27913   -0.0280945      1.30605     0.248889 -0.000222148
 0.000378658 -5.89638e-06 -2.71814e-19     0.015564     0.999501 -0.000513788
   -0.736715     0.011472  1.54984e-18    0.0114455     0.735018     0.999622
dot q: [-0.904093, -0.097357, -0.119644, 0.217139, -0.000508, 0.873439]
STEP 60
Posizione end effector iniziale:  1.26274 -1.39231    6.498
det = 20.3433

J inversa
     0.75333   -0.0390078  4.98371e-18   -0.0388908     -0.75107  0.000382402
     0.11816    -0.130332    -0.223452    0.0927176    -0.129345  5.88696e-05
    0.144154    -0.159022     0.252676    -0.410177    -0.130681  9.48814e-05
   -0.262281     0.289353   -0.0292239      1.31612     0.208282 -0.000197766
  0.00038304  -1.9834e-05 -8.65767e-19    0.0516914      0.99828 -0.000508268
    -0.75333    0.0390078 -8.54594e-19     0.038917     0.751578     0.999617
dot q: [-0.91359, -0.09514, -0.113541, 0.208781, -0.000453, 0.882889]
STEP 61
Posizione end effector iniziale:  1.21367 -1.40735  6.49808
det = 19.84

J inversa
    0.768975   -0.0680603 -9.86095e-18   -0.0678561    -0.766668  0.000388267
    0.118195    -0.137107     -0.22284     0.084785    -0.137449  6.27944e-05
    0.140219    -0.162666     0.253171    -0.413658    -0.117533  8.78661e-05
   -0.258393     0.299772   -0.0303305      1.32498     0.166799 -0.000176562
 0.000387919 -3.43338e-05 -4.24631e-19     0.088129     0.995719 -0.000504266
   -0.768975    0.0680603 -1.45914e-17    0.0679006      0.76717     0.999612
dot q: [-0.921256, -0.092436, -0.1073, 0.199905, -0.000444, 0.890453]
STEP 62
Posizione end effector iniziale:   1.1646 -1.42239  6.49816
det = 19.3606

J inversa
    0.783456   -0.0985472  1.95134e-17   -0.0982516    -0.781106  0.000391821
    0.117856    -0.144001    -0.222237     0.076441    -0.145179  6.61768e-05
    0.136141    -0.166346     0.253645    -0.416806    -0.104164   8.0592e-05
   -0.253991     0.310346   -0.0314083      1.33255     0.124534 -0.000154917
 0.000389928 -4.90472e-05 -2.15082e-18     0.124753     0.991793 -0.000497507
   -0.783456    0.0985472 -1.25912e-18    0.0983137     0.781599     0.999608
dot q: [-0.926788, -0.089213, -0.10081, 0.190165, -0.000492, 0.895889]
STEP 63
Posizione end effector iniziale:   1.1155 -1.43743  6.49823
det = 18.9067

J inversa
    0.796567    -0.130348  1.93092e-17    -0.129957    -0.794178   0.00039595
    0.117115    -0.150975    -0.221646    0.0677292    -0.152475  6.97091e-05
    0.131913    -0.170048     0.254097      -0.4196   -0.0906011  7.27275e-05
   -0.249037     0.321025    -0.032451      1.33875    0.0815956 -0.000130913
 0.000391929 -6.41341e-05 -6.83123e-18     0.161425     0.986484 -0.000491827
   -0.796567     0.130348 -3.37134e-17     0.130036     0.794663     0.999604
dot q: [-0.930184, -0.085473, -0.094186, 0.179864, -0.00042, 0.89915]
STEP 64
Posizione end effector iniziale:  1.06638 -1.45247  6.49832
det = 18.4796

J inversa
     0.80811    -0.163313  1.91092e-17    -0.162823    -0.805685  0.000397689
    0.115942    -0.157987    -0.221073    0.0586975    -0.159283  7.24354e-05
    0.127525    -0.173757     0.254525    -0.422022   -0.0768714  6.56145e-05
    -0.24349     0.331748    -0.033452      1.34351    0.0380887 -0.000109733
 0.000390981 -7.90145e-05 -4.23551e-18     0.198009     0.979794  -0.00048363
    -0.80811     0.163313 -3.17429e-17     0.162919     0.806159     0.999602
dot q: [-0.931089, -0.081175, -0.087309, 0.168652, -0.000421, 0.900028]
STEP 65
Posizione end effector iniziale:  1.01725 -1.46753  6.49841
det = 18.0807

J inversa
    0.817874    -0.197246            0    -0.196655     -0.81542  0.000400193
    0.114311    -0.164983    -0.220523    0.0494116    -0.165543  7.51755e-05
    0.122967    -0.177454     0.254927    -0.424055   -0.0630088  5.87039e-05
   -0.237314     0.342446   -0.0344046      1.34678  -0.00585875 -8.87293e-05
 0.000390209 -9.41066e-05 -3.37094e-18     0.234354      0.97174 -0.000476911
   -0.817874     0.197246  -3.7852e-18     0.196766     0.815884       0.9996
dot q: [-0.92932, -0.076299, -0.08027, 0.156815, -0.000443, 0.898178]
STEP 66
Posizione end effector iniziale: 0.968095 -1.48258  6.49849
det = 17.7115

J inversa
    0.825668    -0.231912  3.74424e-17    -0.231217    -0.823191  0.000399531
    0.112197    -0.171902    -0.219999    0.0399443    -0.171204  7.72997e-05
    0.118234     -0.18112     0.255301    -0.425683   -0.0490502  5.09134e-05
   -0.230483     0.353036   -0.0353016       1.3485    -0.050108 -6.53501e-05
 0.000385803 -0.000108364 -4.17357e-18     0.270306     0.962359 -0.000467075
   -0.825668     0.231912 -3.57197e-18     0.231343      0.82364       0.9996
dot q: [-0.924887, -0.070883, -0.072993, 0.144075, -0.000389, 0.893671]
STEP 67
Posizione end effector iniziale: 0.918923 -1.49763  6.49858
det = 17.3736

J inversa
    0.831308    -0.267042 -7.41321e-17     -0.26624    -0.828814  0.000399835
    0.109581    -0.178679    -0.219508    0.0303813    -0.176219  7.92888e-05
    0.113318     -0.18473     0.255645    -0.426897   -0.0350298  4.42413e-05
   -0.222965      0.36343   -0.0361363      1.34862   -0.0945246 -4.51133e-05
 0.000381821 -0.000122653 -4.96539e-18     0.305716     0.951703 -0.000459118
   -0.831308     0.267042  2.30528e-17     0.266381     0.829251       0.9996
dot q: [-0.917518, -0.064888, -0.065553, 0.130703, -0.000359, 0.886235]
STEP 68
Posizione end effector iniziale: 0.869731 -1.51268  6.49867
det = 17.0682

J inversa
    0.834638    -0.302323 -7.33943e-17    -0.301416    -0.832134  0.000397226
    0.106451    -0.185239    -0.219055    0.0208163    -0.180546  8.05302e-05
    0.108217    -0.188261     0.255956    -0.427686   -0.0209886  3.75739e-05
   -0.214746     0.373527   -0.0369014      1.34712    -0.138954 -2.53329e-05
 0.000374604 -0.000135689  3.25983e-18     0.340431     0.939847 -0.000448644
   -0.834638     0.302323  4.93613e-18     0.301568     0.832556     0.999603
dot q: [-0.907161, -0.058334, -0.05789, 0.116511, -0.000386, 0.875762]
STEP 69
Posizione end effector iniziale: 0.820522 -1.52774  6.49876
det = 16.7969

J inversa
    0.835524    -0.337412  3.63355e-17      -0.3364    -0.833018  0.000392899
      0.1028    -0.191502    -0.218644    0.0113545    -0.184154  8.14235e-05
    0.102931    -0.191684     0.256234    -0.428046  -0.00696883  3.02428e-05
   -0.205821     0.383223   -0.0375902      1.34397    -0.183239 -3.46062e-06
  0.00036541 -0.000147564  1.63184e-18     0.374305     0.926882  -0.00043717
   -0.835524     0.337412 -5.33415e-17     0.336563     0.833423     0.999607
dot q: [-0.893934, -0.051282, -0.050029, 0.101541, -0.000334, 0.862533]
STEP 70
Posizione end effector iniziale: 0.771303 -1.54279  6.49885
det = 16.561

J inversa
    0.833875    -0.371949  -3.5981e-17    -0.370833    -0.831373   0.00038975
    0.098629    -0.197389    -0.218281   0.00210467    -0.187024  8.22593e-05
    0.097459    -0.194973     0.256477    -0.427976   0.00699098  2.40315e-05
   -0.196189     0.392407   -0.0381962      1.33918    -0.227228  1.52699e-05
 0.000357017 -0.000159247  -3.1673e-18     0.407203     0.912911 -0.000427975
   -0.833875     0.371949 -2.88576e-18     0.371008     0.831764      0.99961
dot q: [-0.877731, -0.043725, -0.042037, 0.086052, -0.000294, 0.84627]
STEP 71
Posizione end effector iniziale:  0.72207 -1.55784  6.49894
det = 16.3618

J inversa
    0.829643    -0.405555 -3.56333e-17    -0.404339    -0.827154  0.000383507
    0.093953    -0.202815    -0.217969  -0.00682286    -0.189149  8.22931e-05
   0.0918082    -0.198099     0.256683    -0.427477    0.0208469  1.79571e-05
   -0.185872     0.400968   -0.0387134      1.33276    -0.270756  3.30669e-05
 0.000345581 -0.000168931 -6.25528e-18        0.439      0.89806 -0.000416382
   -0.829643     0.405555   5.1231e-17     0.404521     0.827528     0.999616
dot q: [-0.858679, -0.035743, -0.033855, 0.069868, -0.000338, 0.827165]
STEP 72
Posizione end effector iniziale: 0.672827  -1.5729  6.49903
det = 16.2005

J inversa
    0.822826     -0.43785  3.52923e-17    -0.436536    -0.820357  0.000377046
   0.0887943      -0.2077    -0.217714   -0.0153145    -0.190534  8.23273e-05
   0.0859881    -0.201035      0.25685    -0.426557    0.0345555  1.12283e-05
   -0.174903     0.408799   -0.0391364      1.32473    -0.313661  5.32772e-05
 0.000333855 -0.000177654 -3.03852e-18     0.469584     0.882461 -0.000405589
   -0.822826      0.43785 -5.98581e-17     0.436727     0.820716     0.999623
dot q: [-0.837025, -0.027384, -0.025584, 0.053266, -0.000243, 0.80546]
STEP 73
Posizione end effector iniziale: 0.623583 -1.58795  6.49911
det = 16.0779

J inversa
    0.813478    -0.468472 -6.99155e-17    -0.467066    -0.811038  0.000368583
   0.0831891    -0.211972    -0.217517   -0.0232672    -0.191207  8.16132e-05
   0.0800102    -0.203755     0.256978    -0.425227    0.0480783  5.69841e-06
   -0.163327       0.4158   -0.0394606      1.31514    -0.355793  6.92389e-05
 0.000320366 -0.000184494            0     0.498865     0.866254 -0.000393677
   -0.813478     0.468472            0     0.467263     0.811379     0.999631
dot q: [-0.81287, -0.018726, -0.017162, 0.036143, -0.000247, 0.781259]
STEP 74
Posizione end effector iniziale: 0.574333   -1.603  6.49919
det = 15.9949

J inversa
      0.8017    -0.497076  1.38518e-16    -0.495585    -0.799295  0.000360784
   0.0771819     -0.21556    -0.217383   -0.0305801      -0.1912  8.09675e-05
   0.0738919    -0.206237     0.257065    -0.423503    0.0613735  2.93133e-07
   -0.151207     0.421881   -0.0396822      1.30406    -0.396997  8.51675e-05
  0.00030755 -0.000190689  2.99053e-18     0.526766     0.849586 -0.000383484
     -0.8017     0.497076 -1.09142e-16     0.495787     0.799621     0.999639
dot q: [-0.786582, -0.009854, -0.008724, 0.018906, -0.000238, 0.754922]
STEP 75
Posizione end effector iniziale: 0.525087 -1.61806  6.49926
det = 15.9519

J inversa
    0.787652     -0.52337  1.37229e-16      -0.5218    -0.785289  0.000349326
     0.07083    -0.218414    -0.217312   -0.0371719    -0.190566  7.95422e-05
   0.0676536    -0.208464     0.257111    -0.421405     0.074403 -5.57578e-06
   -0.138622     0.426971   -0.0397987      1.29156     -0.43713   0.00010198
 0.000291827  -0.00019391  8.68635e-18     0.553238     0.832604 -0.000370373
   -0.787652      0.52337 -4.66849e-17     0.522005     0.785598     0.999651
dot q: [-0.758483, -0.000886, -0.000214, 0.001396, -0.00017, 0.726732]
STEP 76
Posizione end effector iniziale: 0.475844 -1.63311  6.49933
det = 15.9494

J inversa
    0.771535    -0.547108 -1.35964e-16    -0.545466     -0.76922  0.000338215
   0.0641983    -0.220494    -0.217307   -0.0429736     -0.18937   7.7936e-05
   0.0613174    -0.210421     0.257116    -0.418958    0.0871339 -1.02626e-05
   -0.125657     0.431014   -0.0398087      1.27775    -0.476065  0.000115073
  0.00027672 -0.000196227  -2.8312e-17     0.578247     0.815447 -0.000358541
   -0.771534     0.547108   3.0374e-17     0.545674     0.769512     0.999662
dot q: [-0.72884, 0.008122, 0.008327, -0.016198, -0.000174, 0.697108]
STEP 77
Posizione end effector iniziale: 0.426613 -1.64817  6.49939
det = 15.9873

J inversa
    0.753582    -0.568101            0    -0.566397    -0.751321  0.000328018
   0.0573571    -0.221773    -0.217367   -0.0479327    -0.187684  7.64837e-05
   0.0549088      -0.2121     0.257079    -0.416192     0.099533 -1.48022e-05
   -0.112409      0.43398   -0.0397119      1.26275    -0.513681  0.000128024
 0.000262715 -0.000198053 -1.10772e-17     0.601777     0.798253 -0.000348508
   -0.753582     0.568101 -1.26343e-17     0.566607       0.7516     0.999672
dot q: [-0.698082, 0.017059, 0.016789, -0.033526, -0.000163, 0.666312]
STEP 78
Posizione end effector iniziale: 0.377386 -1.66323  6.49944
det = 16.0656

J inversa
    0.734067    -0.586236 -6.67509e-17    -0.584477    -0.731865   0.00031446
   0.0503833    -0.222247    -0.217491   -0.0520224    -0.185589   7.4342e-05
   0.0484548    -0.213498        0.257    -0.413138     0.111572 -1.97456e-05
  -0.0989822      0.43586   -0.0395091      1.24667    -0.549874   0.00014163
 0.000246457 -0.000196824 -8.14964e-18     0.623838     0.781151 -0.000335637
   -0.734067     0.586236  4.94273e-17     0.584687     0.732127     0.999686
dot q: [-0.66664, 0.0258, 0.025237, -0.050793, -0.00013, 0.634833]
STEP 79
Posizione end effector iniziale: 0.328181  -1.6783  6.49948
det = 16.1837

J inversa
    0.713272    -0.601464            0     -0.59966    -0.711132  0.000303234
   0.0433529    -0.221926    -0.217678   -0.0552311    -0.183169  7.25376e-05
   0.0419816     -0.21462     0.256881    -0.409831     0.123231 -2.37209e-05
  -0.0854782     0.436667   -0.0392028      1.22966    -0.584564   0.00015261
 0.000232514 -0.000196067  5.30304e-18     0.644451     0.764249 -0.000325883
   -0.713272     0.601464   4.9362e-18      0.59987     0.711381     0.999697
dot q: [-0.634914, 0.034274, 0.033538, -0.067528, -7.7e-05, 0.603075]
STEP 80
Posizione end effector iniziale: 0.278985 -1.69338  6.49951
det = 16.3409

J inversa
     0.69149     -0.61381  1.31125e-16    -0.611969    -0.689416  0.000290033
    0.036342    -0.220838    -0.217925   -0.0575726     -0.18051  7.02037e-05
   0.0355156    -0.215474     0.256722    -0.406307      0.13449 -2.72074e-05
  -0.0719991     0.436438   -0.0387964      1.21187     -0.61769  0.000161512
 0.000217558 -0.000193118   5.2237e-18     0.663659     0.747647 -0.000314531
    -0.69149      0.61381 -1.09189e-16     0.612178     0.689651      0.99971
dot q: [-0.603019, 0.042431, 0.041766, -0.083929, -0.000131, 0.571148]
STEP 81
Posizione end effector iniziale: 0.229811 -1.70846  6.49953
det = 16.5364

J inversa
    0.669006    -0.623341            0    -0.621471    -0.666999  0.000277054
   0.0294215    -0.219022    -0.218229   -0.0590689    -0.177694   6.8094e-05
    0.029083    -0.216073     0.256523    -0.402606     0.145335 -3.14953e-05
  -0.0586448     0.435226   -0.0382937      1.19344    -0.649198  0.000173151
 0.000203312 -0.000189435  2.53638e-18     0.681507     0.731433 -0.000303818
   -0.669006     0.623341  6.56517e-18     0.621678     0.667221     0.999723
dot q: [-0.571652, 0.050136, 0.04981, -0.099679, -3.4e-05, 0.539752]
STEP 82
Posizione end effector iniziale: 0.180653 -1.72356  6.49955
det = 16.769

J inversa
    0.646094    -0.630198  1.28829e-16    -0.628308    -0.644156  0.000263852
   0.0226573    -0.216532    -0.218587    -0.059768    -0.174799  6.56668e-05
    0.022705    -0.216434     0.256287    -0.398762     0.155763 -3.42988e-05
  -0.0454988     0.433099   -0.0377005      1.17452    -0.679074  0.000179744
 0.000189449 -0.000184788 -7.44954e-18     0.698061     0.715669 -0.000293145
   -0.646094     0.630198 -4.61454e-18     0.628513     0.644366     0.999736
dot q: [-0.540753, 0.057384, 0.057722, -0.114883, -5.5e-05, 0.508827]
STEP 83
Posizione end effector iniziale:  0.13151 -1.73867  6.49955
det = 17.0376

J inversa
    0.623006    -0.634545            0    -0.632641    -0.621137   0.00025206
    0.016107    -0.213427    -0.218992   -0.0597196    -0.171895  6.35972e-05
   0.0164033    -0.216578     0.256015    -0.394813     0.165766 -3.71784e-05
  -0.0326432      0.43014   -0.0370223      1.15526    -0.707304  0.000186896
 0.000177122 -0.000180403 -7.44073e-18     0.713385     0.700412  -0.00028423
   -0.623006     0.634545  4.81908e-17     0.632844     0.621336     0.999748
dot q: [-0.510775, 0.064096, 0.065398, -0.129206, -3.7e-05, 0.478821]
STEP 84
Posizione end effector iniziale: 0.0823888  -1.75378   6.49955
det = 17.3407

J inversa
    0.599968    -0.636589  6.33046e-17     -0.63468    -0.598168  0.000237903
  0.00982033    -0.209776    -0.219442   -0.0589904    -0.169044  6.10747e-05
   0.0101952    -0.216527     0.255708    -0.390793     0.175348 -4.02312e-05
  -0.0201445      0.42644   -0.0362659      1.13578    -0.733904  0.000193954
 0.000163661  -0.00017365   1.0067e-17     0.727556     0.685701 -0.000272717
   -0.599968     0.636589  1.18315e-16     0.634878     0.598355     0.999762
dot q: [-0.481852, 0.070266, 0.072915, -0.142941, 1.5e-05, 0.449876]
STEP 85
Posizione end effector iniziale: 0.0332893   -1.7689   6.49954
det = 17.677

J inversa
    0.577173    -0.636548            0    -0.634639    -0.575441  0.000225463
  0.00383673    -0.205647     -0.21993   -0.0576465    -0.166301  5.87371e-05
  0.00409429    -0.216303     0.255368    -0.386733     0.184516 -4.21602e-05
 -0.00805467     0.422086    -0.035438      1.11623    -0.758904  0.000197623
 0.000151902 -0.000167528 -1.28631e-17     0.740645      0.67156 -0.000263123
   -0.577173     0.636548  4.56777e-17     0.634833     0.575618     0.999775
dot q: [-0.454027, 0.075867, 0.080246, -0.155915, -1.2e-05, 0.422027]
STEP 86
Posizione end effector iniziale: -0.015798  -1.78404   6.49952
det = 18.045

J inversa
    0.554786    -0.634647 -6.22308e-17    -0.632743    -0.553121  0.000214528
 -0.00181269    -0.201109    -0.220452    -0.055756    -0.163707  5.68047e-05
 -0.00188729     -0.21593     0.254997    -0.382665     0.193276 -4.42539e-05
  0.00358085     0.417175   -0.0345456       1.0967    -0.782338  0.000202131
 0.000141616 -0.000162001 -1.56703e-17     0.752727     0.658007 -0.000255207
   -0.554786     0.634647 -9.34111e-18     0.632935     0.553289     0.999785
dot q: [-0.427552, 0.080886, 0.087311, -0.167935, 7e-06, 0.395532]
STEP 87
Posizione end effector iniziale: -0.0648668   -1.79918    6.49949
det = 18.4431

J inversa
    0.532941    -0.631123            0    -0.629229    -0.531343  0.000201593
 -0.00710511    -0.196231    -0.221002    -0.053393    -0.161298  5.44997e-05
 -0.00774122    -0.215431     0.254598    -0.378611     0.201641 -4.64577e-05
    0.014732     0.411797    -0.033596      1.07732    -0.804263  0.000206363
 0.000130455 -0.000154487  1.32507e-17      0.76388     0.645046 -0.000244733
   -0.532941     0.631123  1.27832e-17     0.629416     0.531501     0.999798
dot q: [-0.40245, 0.085314, 0.094225, -0.179358, 1.4e-05, 0.37041]
STEP 88
Posizione end effector iniziale: -0.113924  -1.81434   6.49945
det = 18.8699

J inversa
    0.511742    -0.626195 -6.11918e-17    -0.624316    -0.510207  0.000191525
  -0.0120267    -0.191076    -0.221575   -0.0506231      -0.1591  5.27244e-05
  -0.0134625    -0.214826     0.254172    -0.374596     0.209627 -4.80279e-05
   0.0253798     0.406037   -0.0325964      1.05815    -0.824739  0.000209151
  0.00012156 -0.000148748  1.07304e-17     0.774172     0.632673 -0.000237497
   -0.511742     0.626195  6.50933e-17       0.6245     0.510357     0.999808
dot q: [-0.3787, 0.089185, 0.100895, -0.18987, 6.3e-05, 0.34659]
STEP 89
Posizione end effector iniziale: -0.162959  -1.82949   6.49941
det = 19.3238

J inversa
    0.491267    -0.620078 -6.06847e-17    -0.618218    -0.489794  0.000180731
  -0.0165695    -0.185706    -0.222167   -0.0475128     -0.15713  5.06882e-05
  -0.0190474    -0.214137     0.253721    -0.370637      0.21725  -4.8987e-05
    0.035513     0.399974   -0.0315538      1.03927    -0.843833  0.000209629
  0.00011257 -0.000142086 -9.52912e-18     0.783675      0.62088 -0.000229101
   -0.491267     0.620078  4.88179e-17     0.618397     0.489936     0.999819
dot q: [-0.356292, 0.092516, 0.107392, -0.199695, 1e-06, 0.32422]
STEP 90
Posizione end effector iniziale: -0.211991  -1.84466   6.49937
det = 19.8035

J inversa
    0.471571    -0.612965 -6.01858e-17    -0.611126    -0.470156  0.000170111
  -0.0207323    -0.180173    -0.222772   -0.0441191    -0.155399  4.89634e-05
  -0.0244944    -0.213381     0.253247    -0.366753     0.224524 -5.09396e-05
    0.045127     0.393683   -0.0304748      1.02076    -0.861613  0.000213268
 0.000104039 -0.000135234 -9.59874e-18     0.792452     0.609655 -0.000220585
   -0.471571     0.612965 -1.16485e-16     0.611301     0.470291      0.99983
dot q: [-0.33534, 0.095293, 0.113672, -0.20877, 8.6e-05, 0.303254]
STEP 91
Posizione end effector iniziale: -0.261008  -1.85983   6.49932
det = 20.3074

J inversa
    0.452687    -0.605041 -5.96949e-17    -0.603226    -0.451329  0.000160336
  -0.0245184    -0.174528    -0.223386   -0.0405002    -0.153914  4.71006e-05
  -0.0298047    -0.212574     0.252752    -0.362953     0.231471 -5.13942e-05
    0.054229     0.387227   -0.0293662      1.00265    -0.878158  0.000212148
 9.63417e-05 -0.000128766  1.10978e-17     0.800566     0.598977 -0.000212788
   -0.452687     0.605041  6.61169e-17     0.603397     0.451456      0.99984
dot q: [-0.315686, 0.097574, 0.119769, -0.217157, 8.8e-05, 0.283583]
STEP 92
Posizione end effector iniziale: -0.310015    -1.875   6.49927
det = 20.8343

J inversa
    0.434633    -0.596467            0    -0.594677    -0.433329  0.000151122
  -0.0279356    -0.168812    -0.224004   -0.0367036    -0.152675  4.53585e-05
  -0.0349799     -0.21173     0.252238     -0.35925     0.238107 -5.17339e-05
   0.0628267     0.380665    -0.028234      0.98499    -0.893539  0.000210713
 8.92657e-05 -0.000122504 -6.99806e-18     0.808073     0.588826 -0.000205351
   -0.434633     0.596467  -5.8025e-17     0.594843      0.43345     0.999849
dot q: [-0.297235, 0.0994, 0.12571, -0.224921, 2.3e-05, 0.265117]
STEP 93
Posizione end effector iniziale: -0.359011  -1.89018   6.49921
det = 21.383

J inversa
    0.417411    -0.587381 -1.17473e-16    -0.585619    -0.416159  0.000142121
  -0.0309945    -0.163062    -0.224624   -0.0327705    -0.151678  4.39574e-05
  -0.0400224    -0.210864     0.251708    -0.355652      0.24445 -5.31149e-05
    0.070932     0.374046   -0.0270839     0.967806    -0.907827  0.000212577
 8.25732e-05 -0.000116197 -7.07996e-18     0.815024     0.579182 -0.000197794
   -0.417411     0.587381  4.92983e-17      0.58578     0.416274     0.999858
dot q: [-0.280114, 0.100752, 0.131461, -0.232039, 0.000107, 0.247981]
STEP 94
Posizione end effector iniziale: -0.408004  -1.90536   6.49916
det = 21.9522

J inversa
    0.401015    -0.577914            0     -0.57618    -0.399812  0.000133853
   -0.033708    -0.157312    -0.225241   -0.0287428    -0.150919  4.23602e-05
   -0.044937    -0.209985     0.251162    -0.352163     0.250519 -5.30161e-05
   0.0785652     0.367412   -0.0259216     0.951116    -0.921099  0.000209797
 7.65386e-05 -0.000110302  1.14215e-17     0.821469     0.570019 -0.000190837
   -0.401015     0.577914 -1.03525e-16     0.576337     0.399921     0.999866
dot q: [-0.264082, 0.101702, 0.137076, -0.238639, 6.5e-05, 0.231935]
STEP 95
Posizione end effector iniziale: -0.456987  -1.92054    6.4991
det = 22.5408

J inversa
    0.385428    -0.568171  -5.7808e-17    -0.566467    -0.384271   0.00012684
  -0.0360909    -0.151586    -0.225851   -0.0246504    -0.150388   4.1168e-05
  -0.0497276    -0.209103     0.250603    -0.348789     0.256331 -5.33656e-05
   0.0857427     0.360801   -0.0247519     0.934935    -0.933422  0.000208741
 7.14206e-05 -0.000105283 -2.29666e-17      0.82745     0.561313 -0.000185279
   -0.385428     0.568171  -1.4353e-17      0.56662     0.384375     0.999873
dot q: [-0.24918, 0.102255, 0.142492, -0.244538, 8.7e-05, 0.217021]
STEP 96
Posizione end effector iniziale: -0.505961  -1.93571   6.49904
det = 23.1477

J inversa
    0.370627     -0.55825  5.73548e-17    -0.556576    -0.369515   0.00011821
  -0.0381588    -0.145909    -0.226453   -0.0205247    -0.150076   3.9663e-05
   -0.054399    -0.208226     0.250033     -0.34553     0.261902 -5.37292e-05
   0.0924862     0.354243   -0.0235796     0.919271    -0.944864  0.000207132
 6.55796e-05  -9.8778e-05  8.66044e-18     0.833011     0.553043 -0.000176921
   -0.370627      0.55825  6.13065e-17     0.556723     0.369613     0.999882
dot q: [-0.235261, 0.102457, 0.147832, -0.250159, 7.8e-05, 0.203091]
STEP 97
Posizione end effector iniziale: -0.554937  -1.95089   6.49898
det = 23.7719

J inversa
    0.356585    -0.548226  1.13817e-16    -0.546581    -0.355515  0.000111981
   -0.039928    -0.140298    -0.227044   -0.0163867    -0.149971  3.85877e-05
  -0.0589565     -0.20736     0.249453     -0.34239      0.26725 -5.37555e-05
   0.0988168     0.347762   -0.0224089     0.904125    -0.955488  0.000205115
 6.12406e-05 -9.41534e-05  7.27008e-18     0.838183     0.545183 -0.000171723
   -0.356585     0.548226  4.74208e-18     0.546725     0.355609     0.999888
dot q: [-0.222358, 0.102325, 0.152989, -0.255158, 0.000126, 0.190177]
STEP 98
Posizione end effector iniziale: -0.603906  -1.96606   6.49892
det = 24.4125

J inversa
     0.34327    -0.538168 -1.12939e-16    -0.536553     -0.34224  0.000105327
  -0.0414152    -0.134769    -0.227621   -0.0122595    -0.150063  3.72438e-05
  -0.0634057     -0.20651     0.248864    -0.339366     0.272389 -5.31081e-05
    0.104757     0.341378   -0.0212437     0.889492    -0.965357  0.000200773
 5.68119e-05 -8.90679e-05  8.74724e-18     0.843005      0.53771 -0.000165485
    -0.34327     0.538168  1.68987e-16     0.536693     0.342329     0.999895
dot q: [-0.210252, 0.101893, 0.158045, -0.259772, 5.7e-05, 0.178059]
STEP 99
Posizione end effector iniziale: -0.652874  -1.98124   6.49887
det = 25.0687

J inversa
    0.330651    -0.528129            0    -0.526545    -0.329659  9.86897e-05
  -0.0426367    -0.129332    -0.228182  -0.00815726    -0.150337  3.62551e-05
   -0.067751    -0.205682     0.248269    -0.336461     0.277333 -5.36203e-05
    0.110327      0.33511   -0.0200875     0.875372    -0.974522  0.000199995
  5.2528e-05 -8.38997e-05  2.94037e-18     0.847503     0.530605 -0.000158846
   -0.330651     0.528129  1.82729e-18     0.526679     0.329744     0.999901
dot q: [-0.1991, 0.101162, 0.162974, -0.263989, 0.000134, 0.166899]

Posizione end effector raggiunta: -0.701843  -1.99641   6.49881
CHECK COLLISIONI STEP 0
NO COLLISIONI

CHECK COLLISIONI STEP 1
NO COLLISIONI

CHECK COLLISIONI STEP 2
NO COLLISIONI

CHECK COLLISIONI STEP 3
NO COLLISIONI

CHECK COLLISIONI STEP 4
NO COLLISIONI

CHECK COLLISIONI STEP 5
NO COLLISIONI

CHECK COLLISIONI STEP 6
NO COLLISIONI

CHECK COLLISIONI STEP 7
NO COLLISIONI

CHECK COLLISIONI STEP 8
NO COLLISIONI

CHECK COLLISIONI STEP 9
NO COLLISIONI

CHECK COLLISIONI STEP 10
NO COLLISIONI

CHECK COLLISIONI STEP 11
NO COLLISIONI

CHECK COLLISIONI STEP 12
NO COLLISIONI

CHECK COLLISIONI STEP 13
NO COLLISIONI

CHECK COLLISIONI STEP 14
NO COLLISIONI

CHECK COLLISIONI STEP 15
NO COLLISIONI

CHECK COLLISIONI STEP 16
NO COLLISIONI

CHECK COLLISIONI STEP 17
NO COLLISIONI

CHECK COLLISIONI STEP 18
NO COLLISIONI

CHECK COLLISIONI STEP 19
NO COLLISIONI

CHECK COLLISIONI STEP 20
NO COLLISIONI

CHECK COLLISIONI STEP 21
NO COLLISIONI

CHECK COLLISIONI STEP 22
NO COLLISIONI

CHECK COLLISIONI STEP 23
NO COLLISIONI

CHECK COLLISIONI STEP 24
NO COLLISIONI

CHECK COLLISIONI STEP 25
NO COLLISIONI

CHECK COLLISIONI STEP 26
NO COLLISIONI

CHECK COLLISIONI STEP 27
NO COLLISIONI

CHECK COLLISIONI STEP 28
NO COLLISIONI

CHECK COLLISIONI STEP 29
NO COLLISIONI

CHECK COLLISIONI STEP 30
NO COLLISIONI

CHECK COLLISIONI STEP 31
NO COLLISIONI

CHECK COLLISIONI STEP 32
NO COLLISIONI

CHECK COLLISIONI STEP 33
NO COLLISIONI

CHECK COLLISIONI STEP 34
NO COLLISIONI

CHECK COLLISIONI STEP 35
NO COLLISIONI

CHECK COLLISIONI STEP 36
NO COLLISIONI

CHECK COLLISIONI STEP 37
NO COLLISIONI

CHECK COLLISIONI STEP 38
NO COLLISIONI

CHECK COLLISIONI STEP 39
NO COLLISIONI

CHECK COLLISIONI STEP 40
NO COLLISIONI

CHECK COLLISIONI STEP 41
NO COLLISIONI

CHECK COLLISIONI STEP 42
NO COLLISIONI

CHECK COLLISIONI STEP 43
NO COLLISIONI

CHECK COLLISIONI STEP 44
NO COLLISIONI

CHECK COLLISIONI STEP 45
NO COLLISIONI

CHECK COLLISIONI STEP 46
NO COLLISIONI

CHECK COLLISIONI STEP 47
NO COLLISIONI

CHECK COLLISIONI STEP 48
NO COLLISIONI

CHECK COLLISIONI STEP 49
NO COLLISIONI

CHECK COLLISIONI STEP 50
NO COLLISIONI

CHECK COLLISIONI STEP 51
NO COLLISIONI

CHECK COLLISIONI STEP 52
NO COLLISIONI

CHECK COLLISIONI STEP 53
NO COLLISIONI

CHECK COLLISIONI STEP 54
NO COLLISIONI

CHECK COLLISIONI STEP 55
NO COLLISIONI

CHECK COLLISIONI STEP 56
NO COLLISIONI

CHECK COLLISIONI STEP 57
NO COLLISIONI

CHECK COLLISIONI STEP 58
NO COLLISIONI

CHECK COLLISIONI STEP 59
NO COLLISIONI

CHECK COLLISIONI STEP 60
NO COLLISIONI

CHECK COLLISIONI STEP 61
NO COLLISIONI

CHECK COLLISIONI STEP 62
NO COLLISIONI

CHECK COLLISIONI STEP 63
NO COLLISIONI

CHECK COLLISIONI STEP 64
NO COLLISIONI

CHECK COLLISIONI STEP 65
NO COLLISIONI

CHECK COLLISIONI STEP 66
NO COLLISIONI

CHECK COLLISIONI STEP 67
NO COLLISIONI

CHECK COLLISIONI STEP 68
NO COLLISIONI

CHECK COLLISIONI STEP 69
NO COLLISIONI

CHECK COLLISIONI STEP 70
NO COLLISIONI

CHECK COLLISIONI STEP 71
NO COLLISIONI

CHECK COLLISIONI STEP 72
NO COLLISIONI

CHECK COLLISIONI STEP 73
NO COLLISIONI

CHECK COLLISIONI STEP 74
NO COLLISIONI

CHECK COLLISIONI STEP 75
NO COLLISIONI

CHECK COLLISIONI STEP 76
NO COLLISIONI

CHECK COLLISIONI STEP 77
NO COLLISIONI

CHECK COLLISIONI STEP 78
NO COLLISIONI

CHECK COLLISIONI STEP 79
NO COLLISIONI

CHECK COLLISIONI STEP 80
NO COLLISIONI

CHECK COLLISIONI STEP 81
NO COLLISIONI

CHECK COLLISIONI STEP 82
NO COLLISIONI

CHECK COLLISIONI STEP 83
NO COLLISIONI

CHECK COLLISIONI STEP 84
NO COLLISIONI

CHECK COLLISIONI STEP 85
NO COLLISIONI

CHECK COLLISIONI STEP 86
NO COLLISIONI

CHECK COLLISIONI STEP 87
NO COLLISIONI

CHECK COLLISIONI STEP 88
NO COLLISIONI

CHECK COLLISIONI STEP 89
NO COLLISIONI

CHECK COLLISIONI STEP 90
NO COLLISIONI

CHECK COLLISIONI STEP 91
NO COLLISIONI

CHECK COLLISIONI STEP 92
NO COLLISIONI

CHECK COLLISIONI STEP 93
NO COLLISIONI

CHECK COLLISIONI STEP 94
NO COLLISIONI

CHECK COLLISIONI STEP 95
NO COLLISIONI

CHECK COLLISIONI STEP 96
NO COLLISIONI

CHECK COLLISIONI STEP 97
NO COLLISIONI

CHECK COLLISIONI STEP 98
NO COLLISIONI

CHECK COLLISIONI STEP 99
NO COLLISIONI


MATRICE di q

2.70269 -0.00720844 -1.36833 -3.33707 -1.57013 2.13909 
2.69308 -0.00463456 -1.38531 -3.32267 -1.57013 2.14992 
2.68335 -0.0023022 -1.40179 -3.30853 -1.57012 2.16071 
2.67349 -0.000194437 -1.41783 -3.29461 -1.57012 2.1715 
2.66347 0.00170096 -1.43346 -3.28088 -1.57012 2.18231 
2.65329 0.00339448 -1.44871 -3.26733 -1.57012 2.19316 
2.64294 0.00489708 -1.46362 -3.25393 -1.57012 2.20406 
2.63239 0.00621572 -1.47821 -3.24066 -1.57012 2.21504 
2.62166 0.0073574 -1.49251 -3.22752 -1.57012 2.22611 
2.61071 0.00832848 -1.50652 -3.21449 -1.57012 2.23729 
2.59954 0.00913404 -1.52027 -3.20155 -1.57013 2.24861 
2.58814 0.00977704 -1.53378 -3.1887 -1.57013 2.26007 
2.57649 0.0102633 -1.54705 -3.17592 -1.57013 2.27169 
2.5646 0.0105951 -1.56009 -3.16321 -1.57014 2.28349 
2.55243 0.0107745 -1.57292 -3.15057 -1.57014 2.29548 
2.53999 0.0108053 -1.58555 -3.13798 -1.57015 2.30769 
2.52725 0.0106887 -1.59798 -3.12544 -1.57015 2.32012 
2.51422 0.0104267 -1.61022 -3.11295 -1.57016 2.33279 
2.50087 0.0100212 -1.62227 -3.1005 -1.57016 2.34572 
2.4872 0.00947404 -1.63414 -3.08809 -1.57017 2.35893 
2.47318 0.0087858 -1.64583 -3.07572 -1.57018 2.37242 
2.45882 0.0079582 -1.65735 -3.06337 -1.57019 2.38622 
2.44409 0.00699272 -1.6687 -3.05106 -1.5702 2.40034 
2.42899 0.00588924 -1.67989 -3.03879 -1.5702 2.41479 
2.41349 0.0046508 -1.69091 -3.02653 -1.57021 2.4296 
2.39759 0.00327708 -1.70176 -3.01431 -1.57022 2.44478 
2.38127 0.00176976 -1.71246 -3.00211 -1.57023 2.46034 
2.36451 0.000130163 -1.723 -2.98994 -1.57024 2.4763 
2.34731 -0.00164112 -1.73337 -2.9778 -1.57025 2.49268 
2.32964 -0.0035424 -1.74359 -2.96569 -1.57027 2.5095 
2.3115 -0.00557252 -1.75365 -2.9536 -1.57028 2.52677 
2.29286 -0.00772952 -1.76356 -2.94155 -1.57029 2.5445 
2.27371 -0.0100127 -1.77331 -2.92952 -1.5703 2.56273 
2.25404 -0.0124194 -1.7829 -2.91753 -1.57031 2.58145 
2.23382 -0.0149484 -1.79233 -2.90558 -1.57032 2.60071 
2.21304 -0.0175975 -1.8016 -2.89366 -1.57034 2.62049 
2.1917 -0.020364 -1.81072 -2.88178 -1.57035 2.64083 
2.16976 -0.0232459 -1.81967 -2.86995 -1.57037 2.66175 
2.14721 -0.02624 -1.82847 -2.85817 -1.57038 2.68325 
2.12405 -0.0293438 -1.8371 -2.84644 -1.57039 2.70537 
2.10024 -0.0325532 -1.84557 -2.83476 -1.57041 2.7281 
2.07579 -0.0358655 -1.85387 -2.82316 -1.57043 2.75147 
2.05068 -0.0392756 -1.86201 -2.81161 -1.57044 2.77549 
2.02489 -0.0427796 -1.86997 -2.80014 -1.57046 2.80017 
1.99841 -0.0463729 -1.87777 -2.78876 -1.57047 2.82553 
1.97123 -0.0500494 -1.88539 -2.77747 -1.57049 2.85158 
1.94335 -0.0538041 -1.89283 -2.76627 -1.57051 2.87832 
1.91476 -0.0576297 -1.9001 -2.75518 -1.57053 2.90576 
1.88546 -0.0615195 -1.90718 -2.74421 -1.57054 2.93391 
1.85544 -0.0654652 -1.91408 -2.73337 -1.57056 2.96276 
1.82471 -0.0694589 -1.92078 -2.72268 -1.57058 2.99232 
1.79328 -0.073491 -1.9273 -2.71213 -1.5706 3.02257 
1.76116 -0.0775513 -1.93361 -2.70175 -1.57062 3.0535 
1.72836 -0.0816292 -1.93973 -2.69156 -1.57064 3.08511 
1.69491 -0.0857122 -1.94563 -2.68157 -1.57066 3.11736 
1.66083 -0.0897881 -1.95133 -2.6718 -1.57067 3.15023 
1.62616 -0.0938419 -1.9568 -2.66227 -1.5707 3.18369 
1.59095 -0.0978592 -1.96205 -2.653 -1.57071 3.21769 
1.55523 -0.101824 -1.96708 -2.644 -1.57073 3.25219 
1.51906 -0.105718 -1.97186 -2.63532 -1.57075 3.28713 
1.48252 -0.109523 -1.9764 -2.62697 -1.57077 3.32245 
1.44567 -0.113221 -1.9807 -2.61897 -1.57079 3.35806 
1.4086 -0.116789 -1.98473 -2.61136 -1.57081 3.3939 
1.37139 -0.120208 -1.9885 -2.60417 -1.57082 3.42987 
1.33415 -0.123455 -1.99199 -2.59742 -1.57084 3.46587 
1.29697 -0.126507 -1.9952 -2.59115 -1.57086 3.50179 
1.25998 -0.129343 -1.99812 -2.58539 -1.57087 3.53754 
1.22328 -0.131938 -2.00074 -2.58016 -1.57089 3.57299 
1.18699 -0.134271 -2.00306 -2.5755 -1.5709 3.60802 
1.15123 -0.136323 -2.00506 -2.57144 -1.57092 3.64252 
1.11612 -0.138072 -2.00674 -2.568 -1.57093 3.67637 
1.08178 -0.139501 -2.00809 -2.5652 -1.57094 3.70946 
1.0483 -0.140597 -2.00912 -2.56307 -1.57095 3.74168 
1.01578 -0.141346 -2.0098 -2.56162 -1.57096 3.77293 
0.984318 -0.14174 -2.01015 -2.56087 -1.57097 3.80312 
0.953978 -0.141775 -2.01016 -2.56081 -1.57098 3.83219 
0.924825 -0.141451 -2.00983 -2.56146 -1.57099 3.86008 
0.896901 -0.140768 -2.00916 -2.5628 -1.57099 3.88673 
0.870236 -0.139736 -2.00815 -2.56483 -1.571 3.91212 
0.844839 -0.138365 -2.0068 -2.56753 -1.571 3.93625 
0.820718 -0.136668 -2.00513 -2.57089 -1.57101 3.95909 
0.797852 -0.134663 -2.00314 -2.57488 -1.57101 3.98068 
0.776222 -0.132367 -2.00083 -2.57947 -1.57101 4.00104 
0.755791 -0.129803 -1.99822 -2.58464 -1.57101 4.02019 
0.736517 -0.126993 -1.9953 -2.59036 -1.57101 4.03818 
0.718356 -0.123958 -1.99209 -2.5966 -1.57101 4.05507 
0.701254 -0.120723 -1.9886 -2.60331 -1.57101 4.07089 
0.685156 -0.11731 -1.98483 -2.61049 -1.57101 4.0857 
0.670008 -0.113743 -1.98079 -2.61808 -1.57101 4.09957 
0.655756 -0.110042 -1.9765 -2.62607 -1.57101 4.11254 
0.642343 -0.10623 -1.97195 -2.63442 -1.571 4.12467 
0.629715 -0.102327 -1.96716 -2.64311 -1.571 4.13601 
0.617826 -0.0983513 -1.96213 -2.6521 -1.571 4.14661 
0.606621 -0.0943212 -1.95687 -2.66139 -1.571 4.15653 
0.596058 -0.0902532 -1.95139 -2.67093 -1.57099 4.16581 
0.586091 -0.086163 -1.94569 -2.68071 -1.57099 4.17449 
0.57668 -0.0820647 -1.93978 -2.69072 -1.57099 4.18261 
0.567786 -0.0779717 -1.93366 -2.70093 -1.57098 4.19022 
0.559376 -0.073896 -1.92734 -2.71132 -1.57098 4.19734 
0.551412 -0.0698495 -1.92082 -2.72188 -1.57097 4.20402 

