STEP 1
Posizione end effector iniziale:  4.49988 -2.99515  6.49774
det = 68.9236

J inversa
    0.141688     0.127917  4.93445e-17     0.127533    -0.141263  9.66586e-06
   -0.131672    0.0876396    -0.255668     0.276578     0.302098  8.48757e-06
    0.407119    -0.270979     0.294663    -0.488213    -0.602763 -1.35572e-05
   -0.275452     0.183336   -0.0389948     0.953889     0.970784  3.07308e-05
 7.19615e-06  6.49673e-06  1.03041e-17    -0.670108      0.74225 -5.07881e-05
   -0.141688    -0.127917 -6.23844e-17    -0.127567     0.141301      0.99999
dot q: [-0.27727, 0.367079, -1.13531, 0.768195, -9e-06, 0.52228]
STEP 2
Posizione end effector iniziale:  4.40204 -2.97199  6.49612
det = 69.9635

J inversa
    0.145804     0.128727            0     0.128341    -0.145367  1.01434e-05
   -0.120332    0.0812388     -0.25163     0.269062     0.286019  8.27371e-06
    0.386231    -0.260757     0.284777    -0.472804    -0.572984  -1.2991e-05
   -0.265903     0.179515   -0.0331461     0.953382      0.94881  3.07385e-05
 7.62681e-06  6.73352e-06 -2.34074e-17    -0.661835     0.749636 -5.23081e-05
   -0.145804    -0.128727 -4.54031e-18    -0.128375     0.145406      0.99999
dot q: [-0.28374, 0.329881, -1.06175, 0.731874, -7.3e-05, 0.498349]
STEP 3
Posizione end effector iniziale:  4.30566 -2.94949  6.49483
det = 70.6649

J inversa
    0.150042     0.129468 -5.15704e-17     0.129079    -0.149592  1.03195e-05
   -0.110372    0.0756056      -0.2484      0.26288     0.271841  9.12017e-06
    0.368209    -0.252229     0.276623    -0.460266    -0.547278 -1.44964e-05
   -0.257841      0.17662   -0.0282232     0.954489     0.928732  3.43173e-05
 7.83646e-06  6.76191e-06 -6.56843e-18    -0.653284     0.757099  -5.2228e-05
   -0.150042    -0.129468  3.01965e-17    -0.129113     0.149631      0.99999
dot q: [-0.290703, 0.298163, -0.999944, 0.7018, -2e-05, 0.476817]
STEP 4
Posizione end effector iniziale:  4.21054 -2.92753   6.4938
det = 71.084

J inversa
    0.154412     0.130137  2.63677e-17     0.129746    -0.153948  1.03622e-05
   -0.101472    0.0705497    -0.245785     0.257714     0.259096  9.17804e-06
    0.352387    -0.245006     0.269801    -0.449946    -0.524681 -1.45639e-05
    -0.25092     0.174453   -0.0240167      0.95688     0.910033   3.5127e-05
 7.94734e-06  6.69796e-06  5.30729e-18    -0.644436     0.764644 -5.14681e-05
   -0.154412    -0.130137 -2.82185e-17     -0.12978     0.153988      0.99999
dot q: [-0.298155, 0.270606, -0.947125, 0.676538, -1.8e-05, 0.457494]
STEP 5
Posizione end effector iniziale:  4.11649 -2.90602  6.49299
det = 71.2641

J inversa
    0.158925     0.130731  2.69701e-17     0.130339    -0.158448  1.04038e-05
  -0.0934042     0.065936    -0.243651     0.253342     0.247456  9.21892e-06
    0.338296    -0.238815     0.264031    -0.441383    -0.504513 -1.46079e-05
   -0.244897     0.172875   -0.0203802     0.960321     0.892341    3.585e-05
 8.05884e-06  6.62918e-06 -1.33674e-18    -0.635272     0.772275 -5.07081e-05
   -0.158925    -0.130731 -5.83354e-17    -0.130371     0.158487      0.99999
dot q: [-0.306114, 0.246269, -0.901322, 0.655073, -1.4e-05, 0.440299]
STEP 6
Posizione end effector iniziale:  4.02339 -2.88489  6.49235
det = 71.2395

J inversa
    0.163591     0.131245            0     0.130851    -0.163101   1.0436e-05
  -0.0860048    0.0616657    -0.241903       0.2496     0.236679  9.21579e-06
    0.325595    -0.233458      0.25911    -0.434248    -0.486279 -1.45792e-05
   -0.239596     0.171788   -0.0172076     0.964648     0.875379  3.63845e-05
 8.16461e-06  6.55023e-06 -1.35294e-17    -0.625768     0.779996 -4.99081e-05
   -0.163591    -0.131245 -3.11191e-17    -0.130882     0.163139      0.99999
dot q: [-0.314597, 0.224495, -0.861164, 0.636638, -3e-06, 0.425062]
STEP 7
Posizione end effector iniziale:  3.93109 -2.86407  6.49186
det = 71.0379

J inversa
    0.168423     0.131672            0     0.131277    -0.167918   1.0902e-05
  -0.0791501     0.057664    -0.240466     0.246367     0.226584  9.02118e-06
    0.314027    -0.228787     0.254887    -0.428293    -0.469604 -1.40842e-05
   -0.234883     0.171119   -0.0144203     0.969738     0.858935  3.62041e-05
 8.61459e-06  6.73483e-06 -6.14981e-18    -0.615903     0.787808  -5.1148e-05
   -0.168423    -0.131672 -1.71136e-18    -0.131308     0.167958     0.999989
dot q: [-0.323621, 0.204791, -0.825584, 0.620812, -2.1e-05, 0.41189]
STEP 8
Posizione end effector iniziale:  3.83951 -2.84353  6.49147
det = 70.682

J inversa
     0.17343     0.132005  5.78316e-17     0.131609     -0.17291  1.09494e-05
  -0.0727459    0.0538731    -0.239287     0.243548      0.21703  9.13253e-06
    0.303396    -0.224691     0.251245     -0.42333    -0.454201 -1.42788e-05
   -0.230656     0.170814   -0.0119583     0.975501     0.842837  3.71274e-05
  8.7389e-06  6.65156e-06 -2.06913e-18    -0.605654     0.795715  -5.0388e-05
    -0.17343    -0.132005 -2.80117e-17     -0.13164      0.17295     0.999989
dot q: [-0.333184, 0.186748, -0.793733, 0.606995, -6.6e-05, 0.400516]
STEP 9
Posizione end effector iniziale:  3.74853 -2.82322  6.49117
det = 70.1908

J inversa
    0.178624     0.132237  2.96176e-17      0.13184    -0.178089  1.10764e-05
  -0.0667189     0.050247    -0.238321     0.241068     0.207906  9.80788e-06
    0.293547    -0.221082     0.248097    -0.419213    -0.439845 -1.55228e-05
   -0.226834      0.17083  -0.00977587     0.981865     0.826947   4.0336e-05
 8.92918e-06  6.61033e-06  4.18266e-18    -0.594995     0.803715  -4.9988e-05
   -0.178624    -0.132237  1.19834e-18     -0.13187     0.178129     0.999989
dot q: [-0.343351, 0.170066, -0.764975, 0.594937, -1.1e-05, 0.39111]
STEP 10
Posizione end effector iniziale:  3.6581 -2.8031 6.49095
det = 69.5805

J inversa
    0.184017     0.132356  3.03498e-17     0.131959    -0.183465  1.10439e-05
  -0.0610112    0.0467485    -0.237534     0.238867     0.199122  9.79188e-06
    0.284358    -0.217891     0.245371    -0.415828    -0.426353 -1.55156e-05
   -0.223353     0.171138  -0.00783693     0.988777     0.811146  4.07847e-05
 8.99267e-06  6.46805e-06   1.9009e-17    -0.583901     0.811811  -4.8868e-05
   -0.184017    -0.132356  5.85627e-17    -0.131987     0.183505     0.999989
dot q: [-0.354101, 0.154514, -0.738801, 0.584311, -1.1e-05, 0.383375]
STEP 11
Posizione end effector iniziale:  3.56812 -2.78314  6.49079
det = 68.8647

J inversa
    0.189621     0.132352   3.1115e-17     0.131955    -0.189052  1.10453e-05
  -0.0555765    0.0433469    -0.236899     0.236895     0.190604  9.77713e-06
     0.27573    -0.215065     0.243012    -0.413085    -0.413578 -1.55085e-05
    -0.22016     0.171713  -0.00611296     0.996194     0.795332  4.12324e-05
 9.08447e-06  6.34079e-06 -5.33427e-18    -0.572345         0.82 -4.79081e-05
   -0.189621    -0.132352 -1.23008e-18    -0.131982     0.189091     0.999989
dot q: [-0.365481, 0.139895, -0.714767, 0.574846, -3e-06, 0.377442]
STEP 12
Posizione end effector iniziale:  3.47857 -2.76331  6.49067
det = 68.0555

J inversa
    0.195447     0.132212 -3.19161e-17     0.131815    -0.194861  1.15155e-05
  -0.0503777    0.0400164    -0.236392     0.235112     0.182292  9.63267e-06
    0.267582    -0.212558     0.240973    -0.410908    -0.401396 -1.51307e-05
   -0.217211     0.172537   -0.0045812      1.00408     0.779414   4.1119e-05
 9.56686e-06  6.47158e-06 -1.79866e-18    -0.560296     0.828279  -4.8948e-05
   -0.195447    -0.132212  5.29564e-17    -0.131843     0.194901     0.999988
dot q: [-0.377491, 0.126084, -0.692623, 0.566567, -1.5e-05, 0.373142]
STEP 13
Posizione end effector iniziale:  3.38936 -2.74361   6.4906
det = 67.1634

J inversa
    0.201508     0.131921            0     0.131526    -0.200904   1.1485e-05
  -0.0453842    0.0367345    -0.235994      0.23348     0.174133   9.6787e-06
    0.259846    -0.210334     0.239217    -0.409236    -0.389705 -1.52599e-05
   -0.214469     0.173595    -0.003223      1.01241     0.763311  4.18022e-05
 9.63785e-06  6.30961e-06  1.99535e-17    -0.547726     0.836644  -4.7828e-05
   -0.201508    -0.131921  5.78197e-17    -0.131552     0.200944     0.999989
dot q: [-0.390195, 0.112937, -0.672032, 0.559121, -1.1e-05, 0.370526]
STEP 14
Posizione end effector iniziale: 3.30048  -2.724 6.49056
det = 66.1977

J inversa
    0.207817     0.131464 -3.36383e-17      0.13107    -0.207194  1.14712e-05
  -0.0405713     0.033482    -0.235689     0.231967     0.166084  9.67728e-06
    0.252465    -0.208363     0.237712    -0.408019    -0.378414 -1.53013e-05
   -0.211901     0.174877   -0.0020234      1.02115     0.746945   4.2285e-05
 9.72346e-06  6.15103e-06  2.92953e-18    -0.534601     0.845091 -4.67881e-05
   -0.207817    -0.131464   5.3501e-17    -0.131095     0.207233     0.999989
dot q: [-0.403582, 0.10034, -0.652765, 0.552446, -6e-05, 0.369522]
STEP 15
Posizione end effector iniziale:  3.21186 -2.70448  6.49054
det = 65.1666

J inversa
    0.214387     0.130823            0      0.13043    -0.213743  1.15054e-05
  -0.0359189    0.0302415    -0.235462     0.230546     0.158107  1.02208e-05
    0.245391    -0.206621     0.236432    -0.407212    -0.367448 -1.63884e-05
    -0.20948     0.176374 -0.000970301      1.03028     0.730245  4.52286e-05
 9.85076e-06  6.01112e-06  5.59678e-18     -0.52089      0.85361 -4.59481e-05
   -0.214387    -0.130823  5.39002e-17    -0.130454     0.213783     0.999988
dot q: [-0.417726, 0.088247, -0.634663, 0.546446, -8e-06, 0.370171]
STEP 16
Posizione end effector iniziale:  3.12349 -2.68503  6.49055
det = 64.0777

J inversa
     0.22123     0.129977            0     0.129587    -0.220566  1.14474e-05
  -0.0314103    0.0269978    -0.235302      0.22919     0.150166  1.01792e-05
    0.238582    -0.205085     0.235356    -0.406779    -0.356737 -1.63857e-05
    -0.20718     0.178082 -5.34342e-05      1.03979     0.713141  4.55874e-05
 9.89973e-06  5.81627e-06  1.03937e-17    -0.506555     0.862195 -4.47481e-05
    -0.22123    -0.129977  2.66235e-18    -0.129609     0.220605     0.999989
dot q: [-0.432633, 0.076538, -0.617495, 0.540941, -0, 0.372355]
STEP 17
Posizione end effector iniziale:  3.03533 -2.66563  6.49057
det = 62.9378

J inversa
    0.228361     0.128903            0     0.128516    -0.227675  1.18665e-05
  -0.0270325    0.0237366    -0.235198     0.227875     0.142232  1.00307e-05
    0.232002    -0.203739     0.234463    -0.406689    -0.346221 -1.60387e-05
   -0.204979     0.179998  0.000735142      1.04965     0.695563   4.5389e-05
  1.0365e-05  5.85072e-06  5.24243e-18    -0.491559     0.870831  -4.5388e-05
   -0.228361    -0.128903 -5.06904e-17    -0.128539     0.227715     0.999988
dot q: [-0.448332, 0.06523, -0.601247, 0.536049, -9e-06, 0.376107]
STEP 18
Posizione end effector iniziale:  2.94736 -2.64629  6.49061
det = 61.753

J inversa
    0.235792     0.127577  7.53369e-17     0.127194    -0.235084  1.17897e-05
  -0.0227745    0.0204447     -0.23514     0.226576     0.134279  1.00056e-05
     0.22562    -0.202568     0.233737    -0.406913    -0.335845 -1.60865e-05
   -0.202855     0.182118   0.00140267      1.05985     0.677445  4.58219e-05
 1.04004e-05  5.62725e-06  7.14942e-18    -0.475864     0.879506 -4.41081e-05
   -0.235792    -0.127577  5.38114e-17    -0.127215     0.235123     0.999988
dot q: [-0.464881, 0.054211, -0.585675, 0.531497, -9e-06, 0.381381]
STEP 19
Posizione end effector iniziale:  2.85955 -2.62698  6.49065
det = 60.5292

J inversa
    0.243537     0.125971            0     0.125593    -0.242806  1.16969e-05
  -0.0186283    0.0171098     -0.23512     0.225272     0.126283  9.97957e-06
    0.219407    -0.201557     0.233165    -0.407425    -0.325558 -1.61464e-05
   -0.200788     0.184442    0.0019545      1.07036     0.658719  4.62678e-05
 1.04206e-05  5.39012e-06  8.08912e-18    -0.459428     0.888202 -4.27881e-05
   -0.243537    -0.125971  2.21166e-18    -0.125613     0.242844     0.999988
dot q: [-0.48229, 0.043478, -0.570737, 0.52729, -1e-05, 0.388273]
STEP 20
Posizione end effector iniziale:  2.77188 -2.60772  6.49071
det = 59.2716

J inversa
    0.251609     0.124054 -8.01061e-17     0.123682    -0.250854  1.16206e-05
  -0.0145879    0.0137203    -0.235129      0.22394     0.118222  9.96118e-06
    0.213338    -0.200697     0.232733    -0.408204    -0.315314 -1.62256e-05
    -0.19876     0.186971   0.00239536      1.08117     0.639317  4.67654e-05
  1.0454e-05  5.15426e-06  3.79458e-18    -0.442209     0.896899 -4.15481e-05
   -0.251609    -0.124054 -5.04827e-17      -0.1237     0.250892     0.999988
dot q: [-0.500629, 0.032986, -0.556312, 0.523305, -5.2e-05, 0.396706]
STEP 21
Posizione end effector iniziale:  2.68435 -2.58848  6.49077
det = 57.9851

J inversa
    0.260021     0.121791  1.65437e-16     0.121426    -0.259241  1.21346e-05
  -0.0106493    0.0102651     -0.23516     0.222557     0.110078  1.03462e-05
     0.20739    -0.199977     0.232431    -0.409226     -0.30507 -1.69375e-05
   -0.196752     0.189707     0.002729      1.09225     0.619169  4.91722e-05
 1.10219e-05  5.16255e-06 -2.05964e-18     -0.42416     0.905574 -4.23881e-05
   -0.260021    -0.121791 -5.23512e-17    -0.121444      0.25928     0.999988
dot q: [-0.519937, 0.02274, -0.542402, 0.5197, -8e-06, 0.406668]
STEP 22
Posizione end effector iniziale:  2.59692 -2.56926  6.49084
det = 56.6744

J inversa
    0.268785     0.119144            0     0.118787    -0.267979  1.19797e-05
 -0.00680959    0.0067331    -0.235207       0.2211     0.101832  1.02992e-05
    0.201543     -0.19939     0.232248    -0.410473    -0.294781 -1.70084e-05
   -0.194745     0.192652   0.00295878      1.10358     0.598202    4.961e-05
 1.09849e-05  4.86926e-06  4.95595e-19    -0.405237     0.914199 -4.08681e-05
   -0.268785    -0.119144 -1.89516e-20    -0.118804     0.268016     0.999988
dot q: [-0.540238, 0.012699, -0.528843, 0.516181, -5e-06, 0.418232]
STEP 23
Posizione end effector iniziale:  2.50959 -2.55006  6.49092
det = 55.3436

J inversa
    0.277913     0.116072            0     0.115724    -0.277079  1.18274e-05
  -0.0030686   0.00311401    -0.235262     0.219547    0.0934686  1.02199e-05
    0.195778    -0.198928     0.232175    -0.411924    -0.284409 -1.70232e-05
   -0.192721     0.195809   0.00308731      1.11512     0.576345  4.99042e-05
 1.09466e-05   4.5719e-06  5.40135e-18    -0.385388     0.922742 -3.93881e-05
   -0.277913    -0.116072  2.73987e-17    -0.115739     0.277115     0.999988
dot q: [-0.561575, 0.002844, -0.515602, 0.512793, -6e-06, 0.431273]
STEP 24
Posizione end effector iniziale:  2.42236 -2.53088    6.491
det = 53.997

J inversa
    0.287413     0.112527  2.19335e-17     0.112189    -0.286551  1.16902e-05
 0.000572668 -0.000602514    -0.235321     0.217872    0.0849753  1.01472e-05
    0.190076    -0.198585     0.232204     -0.41356    -0.273916 -1.70568e-05
   -0.190661     0.199183   0.00311665      1.12686     0.553522  5.02506e-05
 1.09184e-05  4.27472e-06  3.23161e-18    -0.364565     0.931165 -3.79881e-05
   -0.287413    -0.112527 -2.47853e-17    -0.112203     0.286586     0.999988
dot q: [-0.583997, -0.006802, -0.502639, 0.509479, -3e-06, 0.44599]
STEP 25
Posizione end effector iniziale:   2.3352 -2.51171  6.49108
det = 52.6383

J inversa
    0.297295     0.108457            0     0.108132    -0.296403  1.15062e-05
  0.00411141   -0.0044265    -0.235377     0.216051      0.07634  1.00432e-05
    0.184422    -0.198356     0.232329     -0.41536    -0.263263 -1.70522e-05
   -0.188547     0.202777   0.00304884      1.13874     0.529656  5.04699e-05
 1.08419e-05  3.95528e-06  6.31487e-18    -0.342716     0.939427 -3.64682e-05
   -0.297295    -0.108457  2.07729e-18    -0.108144     0.296437     0.999988
dot q: [-0.607517, -0.016286, -0.489835, 0.50611, -5.7e-05, 0.462186]
STEP 26
Posizione end effector iniziale:  2.24811 -2.49256  6.49117
det = 51.2713

J inversa
    0.307563     0.103807            0     0.103496     -0.30664  1.19449e-05
  0.00754284  -0.00836766    -0.235426     0.214057    0.0675543  1.04294e-05
    0.178801    -0.198235     0.232541    -0.417305    -0.252416 -1.78764e-05
   -0.186358     0.206598   0.00288521      1.15073     0.504667  5.31879e-05
 1.13517e-05  3.83138e-06  6.98534e-18    -0.319788     0.947477 -3.69081e-05
   -0.307563    -0.103807  2.26098e-18    -0.103508     0.306675     0.999988
dot q: [-0.632237, -0.025539, -0.477302, 0.502887, -5e-06, 0.480048]
STEP 27
Posizione end effector iniziale:  2.16108 -2.47341  6.49126
det = 49.8993

J inversa
    0.318221    0.0985142            0    0.0982186    -0.317267   1.1647e-05
   0.0108615   -0.0124361    -0.235462     0.211861    0.0586083  1.03279e-05
    0.173196    -0.198218     0.232834    -0.419373    -0.241336 -1.79482e-05
   -0.184072      0.21065   0.00262761      1.16278     0.478473  5.35611e-05
 1.11596e-05  3.45475e-06 -4.55796e-18    -0.295727      0.95526 -3.50682e-05
   -0.318221   -0.0985142  2.42993e-17    -0.098229       0.3173     0.999988
dot q: [-0.658131, -0.034617, -0.464827, 0.499486, -4e-06, 0.499501]
STEP 28
Posizione end effector iniziale:  2.07411 -2.45427  6.49135
det = 48.5258

J inversa
    0.329268      0.09251            0    0.0922324    -0.328281  1.13852e-05
   0.0140592    -0.016641     -0.23548     0.209436     0.049498   1.0213e-05
    0.167593    -0.198303     0.233203    -0.421541    -0.229989 -1.79913e-05
   -0.181668     0.214939   0.00227714      1.17483     0.450989  5.38792e-05
 1.09938e-05  3.08878e-06 -3.13133e-18     -0.27048     0.962714 -3.33882e-05
   -0.329268     -0.09251 -1.03627e-18   -0.0922415     0.328313     0.999989
dot q: [-0.685233, -0.043479, -0.452455, 0.495978, -3e-06, 0.520554]
STEP 29
Posizione end effector iniziale:  1.98718 -2.43513  6.49145
det = 47.1539

J inversa
    0.340699    0.0857205  -2.2796e-17    0.0854633    -0.339677  1.10783e-05
    0.017126   -0.0209917    -0.235476      0.20675     0.040221  1.00829e-05
     0.16198    -0.198484      0.23364    -0.423785    -0.218341 -1.80317e-05
   -0.179121     0.219472   0.00183519      1.18681     0.422133  5.41697e-05
 1.07758e-05  2.71122e-06  6.15041e-18    -0.243995     0.969765 -3.16282e-05
   -0.340699   -0.0857205  1.50732e-17   -0.0854711     0.339708     0.999989
dot q: [-0.713577, -0.052101, -0.440123, 0.492269, -2e-06, 0.543245]
STEP 30
Posizione end effector iniziale:  1.9003  -2.416 6.49155
det = 45.7867

J inversa
    0.352501    0.0780649  3.44647e-17    0.0778307    -0.351443  1.07371e-05
   0.0200503   -0.0254968    -0.235445     0.203771    0.0307777  9.93773e-06
    0.156341    -0.198759     0.234142    -0.426078    -0.206357 -1.80656e-05
   -0.176408     0.224253    0.0013033      1.19865     0.391817  5.44288e-05
 1.05146e-05  2.32857e-06 -5.55619e-18    -0.216219     0.976334 -2.98283e-05
   -0.352501   -0.0780649 -4.09927e-17   -0.0778372     0.351473     0.999989
dot q: [-0.743158, -0.0605, -0.427775, 0.488268, -7e-06, 0.567393]
STEP 31
Posizione end effector iniziale:  1.81345 -2.39687  6.49166
det = 44.4273

J inversa
    0.364656    0.0694562            0    0.0692479    -0.363562  1.11431e-05
   0.0228183   -0.0301648    -0.235385     0.200466    0.0211724  9.86071e-06
    0.150664    -0.199126     0.234702    -0.428392    -0.194006 -1.79689e-05
     -0.1735     0.229288  0.000682746      1.21026     0.359957  5.46891e-05
 1.09793e-05  2.09123e-06 -1.86382e-19    -0.187105     0.982329 -3.01083e-05
   -0.364656   -0.0694562 -6.89861e-20   -0.0692535     0.363591     0.999989
dot q: [-0.773968, -0.068584, -0.415448, 0.484087, -5.5e-05, 0.593241]
STEP 32
Posizione end effector iniziale:  1.72664 -2.37775  6.49176
det = 43.0785

J inversa
    0.377135    0.0598012            0    0.0596218    -0.376004  1.06248e-05
    0.025414   -0.0350034     -0.23529     0.196797    0.0114131  1.01143e-05
    0.144936     -0.19958     0.235315    -0.430694    -0.181255 -1.90217e-05
   -0.170368     0.234581 -2.42852e-05      1.22155      0.32647  5.76882e-05
 1.05253e-05  1.66897e-06  1.66394e-18    -0.156609      0.98765 -2.79083e-05
   -0.377135   -0.0598012  6.33182e-19   -0.0596262     0.376032     0.999989
dot q: [-0.806015, -0.07639, -0.403033, 0.479473, 2e-06, 0.620473]
STEP 33
Posizione end effector iniziale:  1.63985 -2.35863  6.49188
det = 41.7433

J inversa
    0.389903        0.049            0     0.048853    -0.388733  1.01507e-05
   0.0278195   -0.0400194    -0.235159      0.19273   0.00151058  9.90596e-06
    0.139143     -0.20012     0.235975     -0.43295    -0.168072 -1.90195e-05
   -0.166981     0.240137 -0.000816012      1.23241     0.291272  5.78145e-05
 1.01018e-05  1.26952e-06  4.03059e-19     -0.12469     0.992185 -2.59083e-05
   -0.389903       -0.049  1.32515e-17   -0.0488562     0.388759      0.99999
dot q: [-0.83924, -0.083832, -0.390529, 0.474413, 3e-06, 0.649318]
STEP 34
Posizione end effector iniziale:  1.55309 -2.33952    6.492
det = 40.4245

J inversa
    0.402906    0.0369478            0     0.036837    -0.401698  9.61205e-06
    0.030014   -0.0452184    -0.234988     0.188227  -0.00851728  9.68005e-06
     0.13327    -0.200742     0.236678    -0.435121    -0.154431  -1.9018e-05
   -0.163304     0.245958  -0.00168975      1.24271     0.254287  5.79189e-05
 9.60069e-06  8.80414e-07  3.05004e-18   -0.0913191     0.995812 -2.38284e-05
   -0.402906   -0.0369478  1.24215e-18   -0.0368391     0.401721      0.99999
dot q: [-0.873559, -0.090902, -0.377886, 0.46884, 5e-06, 0.679397]
STEP 35
Posizione end effector iniziale:  1.46634 -2.32041  6.49213
det = 39.1249

J inversa
    0.416082    0.0235358 -5.98075e-18    0.0234652    -0.414833  9.03646e-06
   0.0319745   -0.0506045    -0.234776     0.183251   -0.0186477  9.43081e-06
    0.127306    -0.201442     0.237418    -0.437166    -0.140303 -1.89907e-05
     -0.1593     0.252046   -0.0026427      1.25232     0.215446  5.79409e-05
 9.04919e-06   5.1187e-07 -7.84857e-19   -0.0564745     0.998395 -2.17484e-05
   -0.416082   -0.0235358  2.96872e-18   -0.0234664     0.414855     0.999991
dot q: [-0.908872, -0.097531, -0.365058, 0.46259, -1e-05, 0.710782]
STEP 36
Posizione end effector iniziale:   1.3796 -2.30131  6.49227
det = 37.8474

J inversa
    0.429345   0.00865255  -1.5076e-18   0.00862659    -0.428057   9.2944e-06
   0.0336749   -0.0561796    -0.234519     0.177763   -0.0288512  9.34536e-06
    0.121235    -0.202217      0.23819    -0.439039    -0.125667 -1.90006e-05
   -0.154931     0.258397  -0.00367127      1.26107     0.174688  5.84362e-05
 9.32048e-06  1.87835e-07   3.6584e-19   -0.0201486     0.999788 -2.17084e-05
   -0.429345  -0.00865255   1.6301e-19  -0.00862703     0.428079     0.999991
dot q: [-0.945061, -0.103637, -0.352082, 0.455771, 2e-06, 0.743249]
STEP 37
Posizione end effector iniziale: 1.29287 -2.2822 6.49241
det = 36.5948

J inversa
    0.442595  -0.00781363            0  -0.00779019    -0.441268  8.66281e-06
   0.0350871   -0.0619436    -0.234218     0.171727   -0.0390924  9.10336e-06
    0.115043    -0.203063     0.238989    -0.440689    -0.110504 -1.90425e-05
   -0.150152     0.265007   -0.0047709      1.26881     0.131967  5.86401e-05
 8.68752e-06  -1.5337e-07 -2.84556e-19    0.0176512     0.999836 -1.96284e-05
   -0.442595   0.00781363 -1.21454e-19   0.00779053     0.441287     0.999991
dot q: [-0.981906, -0.109201, -0.338841, 0.448112, -4.3e-05, 0.776631]
STEP 38
Posizione end effector iniziale:  1.20614 -2.26311  6.49257
det = 35.3699

J inversa
    0.455707   -0.0259708            0   -0.0258929     -0.45434  7.65831e-06
   0.0361798   -0.0678927    -0.233871     0.165109   -0.0493266   9.1237e-06
    0.108717    -0.203973     0.239808    -0.442063   -0.0947994 -1.99654e-05
    -0.14492     0.271867  -0.00593671      1.27534    0.0872511  6.12627e-05
 7.66891e-06 -4.37052e-07 -7.03528e-19    0.0568973     0.998372 -1.68285e-05
   -0.455707    0.0259708 -3.64818e-18    0.0258939     0.454357     0.999992
dot q: [-1.01922, -0.114123, -0.325333, 0.439511, 1e-05, 0.810681]
STEP 39
Posizione end effector iniziale:   1.1194 -2.24402  6.49273
det = 34.1758

J inversa
    0.468532   -0.0459205            0   -0.0457827    -0.467126  6.86613e-06
   0.0369195   -0.0740191     -0.23348     0.157878   -0.0595034  8.79098e-06
    0.102241    -0.204941     0.240643    -0.443105   -0.0785436    -1.99e-05
   -0.139184     0.278962  -0.00716259      1.28046    0.0405283  6.11301e-05
 6.85395e-06 -6.71752e-07 -1.07999e-19    0.0975414     0.995225 -1.46285e-05
   -0.468532    0.0459205  6.52908e-18    0.0457842     0.467141     0.999993
dot q: [-1.05668, -0.118352, -0.311494, 0.429858, -9e-06, 0.845041]
STEP 40
Posizione end effector iniziale:  1.03265 -2.22495   6.4929
det = 33.0155

J inversa
    0.480891   -0.0677507  1.24747e-17   -0.0675474    -0.479448  6.85051e-06
     0.03727   -0.0803101    -0.233045     0.150011   -0.0695613  8.65124e-06
   0.0955994    -0.205959     0.241487    -0.443751   -0.0617362 -1.99634e-05
   -0.132894     0.286272  -0.00844169      1.28396  -0.00818632  6.16933e-05
 6.80393e-06 -9.58576e-07  9.66233e-19     0.139507     0.990214 -1.41485e-05
   -0.480891    0.0677507  4.67851e-19    0.0675494     0.479462     0.999993
dot q: [-1.09392, -0.121749, -0.297359, 0.419168, 1e-05, 0.879346]
STEP 41
Posizione end effector iniziale:  0.94588 -2.20587  6.49309
det = 31.8921

J inversa
    0.492581   -0.0915297  2.51652e-17   -0.0912551    -0.491103  5.86853e-06
   0.0371935   -0.0867472    -0.232569     0.141488   -0.0794316  8.29187e-06
   0.0887778    -0.207016     0.242335     -0.44394   -0.0443841 -1.99445e-05
   -0.125996     0.293768   -0.0097655      1.28563   -0.0588492  6.16338e-05
 5.78713e-06 -1.07534e-06 -7.67483e-18     0.182688     0.983165 -1.17485e-05
   -0.492581    0.0915297 -3.96929e-18    0.0912573     0.491115     0.999994
dot q: [-1.13049, -0.124275, -0.282809, 0.407144, 1e-05, 0.913247]
STEP 42
Posizione end effector iniziale: 0.859079  -2.1868  6.49329
det = 30.8088

J inversa
    0.503366    -0.117298            0    -0.116946    -0.501856  4.81734e-06
   0.0366505   -0.0933038    -0.232055     0.132304    -0.089036  7.92044e-06
   0.0817611    -0.208101      0.24318    -0.443604   -0.0265042 -1.99399e-05
   -0.118436     0.301411   -0.0111248      1.28521    -0.111381  6.16007e-05
 4.70576e-06 -1.09657e-06 -4.22111e-19     0.226945     0.973903 -9.34854e-06
   -0.503366     0.117298 -2.72159e-17     0.116948     0.501865     0.999995
dot q: [-1.16586, -0.125781, -0.267846, 0.393713, -3e-05, 0.945996]
STEP 43
Posizione end effector iniziale: 0.772243 -2.16774   6.4935
det = 29.7692

J inversa
    0.512983    -0.145056 -2.56078e-17    -0.144621    -0.511444   3.1404e-06
    0.035601   -0.0999447    -0.231507     0.122464   -0.0982878   7.7043e-06
   0.0745349    -0.209198     0.244016    -0.442678   -0.0081254 -2.07615e-05
   -0.110162      0.30915   -0.0125085      1.28249    -0.165662  6.38384e-05
 3.03101e-06 -8.57078e-07  3.33853e-18       0.2721     0.962266 -5.90857e-06
   -0.512983     0.145056  1.77445e-18     0.144623      0.51145     0.999997
dot q: [-1.19951, -0.126218, -0.252408, 0.378686, 2.3e-05, 0.977268]
STEP 44
Posizione end effector iniziale: 0.685361 -2.14868  6.49372
det = 28.7768

J inversa
    0.521144    -0.174761            0    -0.174236     -0.51958  1.92276e-06
   0.0340065    -0.106625    -0.230932     0.111992    -0.107096  7.22343e-06
   0.0670847    -0.210288     0.244836    -0.441097    0.0107148 -2.05659e-05
   -0.101117     0.316922   -0.0139047      1.27722    -0.221533  6.32038e-05
 1.82848e-06 -6.13163e-07  4.93412e-18      0.31794     0.948109 -3.50858e-06
   -0.521144     0.174761    2.704e-18     0.174237     0.519583     0.999998
dot q: [-1.23065, -0.125429, -0.236446, 0.361893, -6e-06, 1.00616]
STEP 45
Posizione end effector iniziale: 0.598425 -2.12963  6.49396
det = 27.8355

J inversa
    0.527536    -0.206302  2.60662e-17    -0.205683    -0.525954  1.57483e-06
   0.0318301    -0.113286    -0.230335      0.10093    -0.115362  7.01159e-06
   0.0593989    -0.211349     0.245635    -0.438797    0.0299616 -2.06533e-05
  -0.0912554     0.324646   -0.0152996       1.2692    -0.278781  6.37431e-05
 1.47108e-06 -5.75292e-07  -6.4623e-18     0.364207     0.931316 -2.78858e-06
   -0.527536     0.206302 -3.64955e-18     0.205684     0.525956     0.999998
dot q: [-1.25861, -0.123315, -0.220006, 0.343384, 2.3e-05, 1.03194]
STEP 46
Posizione end effector iniziale: 0.511426 -2.11057  6.49422
det = 26.9492

J inversa
    0.531843    -0.239503 -2.63016e-17    -0.238785    -0.530247  1.56192e-07
    0.029041     -0.11986    -0.229726    0.0893425    -0.122989  6.51046e-06
   0.0514671    -0.212355     0.246404    -0.435722    0.0495493 -2.05043e-05
  -0.0805343     0.332226   -0.0166778       1.2582    -0.337147  6.31752e-05
 1.42846e-07 -6.43275e-08 -2.37261e-18     0.410613      0.91181 -2.68587e-07
   -0.531843     0.239503 -1.84265e-18     0.238785     0.530247            1
dot q: [-1.28255, -0.119801, -0.202959, 0.322822, 2.7e-05, 1.05384]
STEP 47
Posizione end effector iniziale: 0.424361  -2.0915  6.49448
det = 26.122

J inversa
    0.533741    -0.274103            0     -0.27328     -0.53214 -1.32289e-06
   0.0256151     -0.12626    -0.229113    0.0773202     -0.12988  5.98506e-06
   0.0432825    -0.213274     0.247136    -0.431821    0.0693973 -2.03018e-05
  -0.0689233     0.339547    -0.018023      1.24407    -0.396322  6.24182e-05
-1.18032e-06  6.06154e-07 -1.54325e-18     0.456831     0.889555  2.21142e-06
   -0.533741     0.274103  -5.4798e-17     0.273279     0.532138            1
dot q: [-1.30161, -0.114764, -0.185311, 0.300132, 2.6e-05, 1.0711]
STEP 48
Posizione end effector iniziale: 0.337219 -2.07243  6.49476
det = 25.3583

J inversa
    0.532928    -0.309746  5.35712e-17    -0.308817     -0.53133 -2.76022e-06
   0.0215394     -0.13239    -0.228509    0.0649816    -0.135947  5.47768e-06
   0.0348426    -0.214071     0.247826    -0.427055    0.0894116 -2.01072e-05
   -0.056407     0.346475   -0.0193171      1.22666    -0.455944   6.1691e-05
 -2.3936e-06   1.3912e-06  2.99936e-18     0.502506     0.864577  4.49143e-06
   -0.532928     0.309746 -5.31851e-17     0.308815     0.531326            1
dot q: [-1.31494, -0.108162, -0.167041, 0.275258, -4.1e-05, 1.08257]
STEP 49
Posizione end effector iniziale: 0.249994 -2.05334  6.49505
det = 24.6625

J inversa
    0.529138    -0.345987            0    -0.344949    -0.527551 -4.21771e-06
   0.0168156    -0.138136    -0.227923    0.0524727    -0.141114  5.30174e-06
   0.0261509    -0.214706     0.248465      -0.4214     0.109485 -2.10248e-05
  -0.0429923     0.352859   -0.0205416       1.2059    -0.515607  6.44246e-05
-3.54068e-06  2.31514e-06  4.35571e-18     0.547265     0.836964  6.69144e-06
   -0.529138     0.345987  2.74544e-18     0.344945     0.527545            1
dot q: [-1.32183, -0.099935, -0.148164, 0.24816, 3.9e-05, 1.0878]
STEP 50
Posizione end effector iniziale: 0.162691 -2.03423  6.49536
det = 24.039

J inversa
    0.522163    -0.382289  1.09154e-16    -0.381142    -0.520596 -5.89164e-06
   0.0114645    -0.143378    -0.227369    0.0399631    -0.145331  4.71201e-06
   0.0172161    -0.215137     0.249046    -0.414843     0.129503 -2.06693e-05
  -0.0287052     0.358533   -0.0216769      1.18177    -0.574878   6.3099e-05
-4.76808e-06  3.49084e-06  -2.7994e-18     0.590734     0.806874  9.13147e-06
   -0.522163     0.382289 -6.02839e-19     0.381137     0.520589      1.00001
dot q: [-1.3215, -0.090099, -0.128653, 0.218807, 3.8e-05, 1.08595]
STEP 51
Posizione end effector iniziale: 0.0753052  -2.01511   6.49566
det = 23.4923

J inversa
    0.511878    -0.418036            0    -0.416781    -0.510342 -7.46632e-06
  0.00552817    -0.147984    -0.226859    0.0276461    -0.148568  4.15837e-06
  0.00805663    -0.215318     0.249563    -0.407393     0.149342 -2.03142e-05
  -0.0136082     0.363321   -0.0227035       1.1543    -0.633288  6.17776e-05
 -5.8003e-06  4.73693e-06 -8.06162e-18     0.632541     0.774536  1.13315e-05
   -0.511878     0.418036 -4.05142e-18     0.416774     0.510333      1.00001
dot q: [-1.31341, -0.078671, -0.108539, 0.18726, 4.3e-05, 1.07633]
STEP 52
Posizione end effector iniziale: -0.0121552   -1.99596    6.49597
det = 23.0266

J inversa
    0.498261    -0.452551            0    -0.451193    -0.496766 -8.94648e-06
-0.000926456    -0.151824    -0.226407    0.0157294    -0.150831  3.61568e-06
  -0.0013007    -0.215205     0.250009    -0.399079     0.168874 -1.98643e-05
  0.00220528     0.367049   -0.0236021      1.12362    -0.690357  6.01504e-05
-6.64252e-06  6.03314e-06 -5.13653e-18     0.672342     0.740253  1.33315e-05
   -0.498261     0.452551 -3.44694e-18     0.451184     0.496756      1.00001
dot q: [-1.2973, -0.065766, -0.087885, 0.153696, 4.1e-05, 1.05884]
STEP 53
Posizione end effector iniziale: -0.0996917   -1.97679    6.49628
det = 22.646

J inversa
    0.481411    -0.485137   5.6163e-17    -0.483681    -0.479967 -1.03107e-05
 -0.00780669    -0.154772    -0.226024   0.00442382    -0.152163  3.12205e-06
  -0.0108202    -0.214755     0.250379    -0.389949     0.187972 -1.94317e-05
   0.0186065     0.369548   -0.0243547      1.08992    -0.745615  5.85715e-05
-7.28443e-06   7.3408e-06  1.72391e-17     0.709834     0.704384  1.51316e-05
   -0.481411     0.485137  1.17465e-17      0.48367     0.479956      1.00001
dot q: [-1.27302, -0.051547, -0.066706, 0.118268, 0, 1.03327]
STEP 54
Posizione end effector iniziale: -0.187282   -1.9576   6.49658
det = 22.3541

J inversa
    0.461556    -0.515106            0    -0.513561    -0.460172 -1.08479e-05
  -0.0149946    -0.156718    -0.225721  -0.00606514    -0.152644  2.95981e-06
  -0.0204567    -0.213932     0.250667    -0.380073     0.206513 -1.95039e-05
   0.0354318     0.370672   -0.0249453      1.05349    -0.798609   5.8806e-05
-7.26093e-06  8.10335e-06  1.03358e-17     0.744767     0.667341  1.57316e-05
   -0.461556     0.515106  9.89644e-18     0.513549     0.460161      1.00001
dot q: [-1.24094, -0.036224, -0.045197, 0.081508, 1.9e-05, 0.99993]
STEP 55
Posizione end effector iniziale: -0.274921  -1.93839   6.49687
det = 22.1536

J inversa
    0.439049     -0.54184  5.72755e-17    -0.540215    -0.437732 -1.33577e-05
  -0.0223507    -0.157579    -0.225508   -0.0155583    -0.152389  2.43189e-06
  -0.0301581    -0.212707     0.250868    -0.369539     0.224388 -1.96924e-05
   0.0524906     0.370308   -0.0253604      1.01468    -0.848933  5.87625e-05
-8.43475e-06  1.04095e-05 -6.73905e-18     0.776963     0.629568  1.92117e-05
   -0.439049      0.54184 -3.27768e-18       0.5402      0.43772      1.00001
dot q: [-1.20154, -0.02011, -0.023319, 0.043463, 4.9e-05, 0.959407]
STEP 56
Posizione end effector iniziale: -0.362597  -1.91918   6.49714
det = 22.0469

J inversa
     0.41435    -0.564815            0    -0.563121    -0.413107 -1.43671e-05
  -0.0297201    -0.157299     -0.22539   -0.0239044    -0.151545    2.032e-06
  -0.0398672    -0.211064     0.250981    -0.358449     0.241499 -1.90902e-05
   0.0695709     0.368385   -0.0255904      0.97388    -0.896239  5.66002e-05
-8.52377e-06   1.1619e-05 -1.39758e-18     0.806313     0.591513  2.05717e-05
    -0.41435     0.564815  5.47528e-17     0.563104     0.413095      1.00001
dot q: [-1.15569, -0.003502, -0.001318, 0.004851, 4.7e-05, 0.912416]
STEP 57
Posizione end effector iniziale: -0.450293  -1.89998   6.49739
det = 22.0353

J inversa
    0.388004    -0.583657  1.16867e-16    -0.581906     -0.38684 -1.52408e-05
  -0.0369408    -0.155865    -0.225372   -0.0309997     -0.15028  1.68924e-06
  -0.0495232       -0.209     0.251002    -0.346921     0.257768 -1.85066e-05
   0.0864494     0.364887   -0.0256293     0.931555    -0.940248  5.44794e-05
-8.46292e-06  1.27304e-05 -1.15573e-17     0.832787     0.553621  2.18117e-05
   -0.388004     0.583657 -9.49805e-18     0.581887     0.386828      1.00002
dot q: [-1.10445, 0.013213, 0.020754, -0.033962, -2e-06, 0.860189]
STEP 58
Posizione end effector iniziale: -0.537995  -1.88079    6.4976
det = 22.119

J inversa
    0.360601    -0.598152 -1.18059e-16    -0.596358    -0.359519 -1.53275e-05
  -0.0438533    -0.153304    -0.225455    -0.036789    -0.148771  1.70754e-06
  -0.0590665    -0.206527     0.250931     -0.33508     0.273138 -1.85702e-05
    0.102906     0.359853   -0.0254759     0.888186    -0.980765  5.46046e-05
-7.93734e-06  1.31662e-05  1.33709e-17     0.856424     0.516302  2.20118e-05
   -0.360601     0.598152  9.31035e-18     0.596339     0.359508      1.00002
dot q: [-1.04917, 0.02968, 0.042682, -0.072338, 4.7e-05, 0.803943]
STEP 59
Posizione end effector iniziale: -0.625684  -1.86162   6.49779
det = 22.2974

J inversa
    0.332736    -0.608271  5.96373e-17    -0.606446    -0.331738  -1.5879e-05
  -0.0503098    -0.149686    -0.225636   -0.0412735    -0.147191  1.46613e-06
  -0.0684425    -0.203668      0.25077    -0.323049     0.287576 -1.79476e-05
     0.11874     0.353376   -0.0251334     0.844254     -1.01769  5.23435e-05
-7.64341e-06  1.39728e-05  1.36973e-17     0.877332     0.479917  2.29718e-05
   -0.332736     0.608271  8.07263e-18     0.606426     0.331726      1.00002
dot q: [-0.991163, 0.045523, 0.064378, -0.109832, 2.8e-05, 0.744994]
STEP 60
Posizione end effector iniziale: -0.713363   -1.8425   6.49793
det = 22.5689

J inversa
    0.304971    -0.614146  6.02562e-17    -0.612304    -0.304056 -1.75911e-05
   -0.056184    -0.145113     -0.22591   -0.0445005    -0.145703  1.15307e-06
  -0.0776029    -0.200462      0.25052    -0.310953     0.301069 -1.78936e-05
    0.133776     0.345596   -0.0246094     0.800234     -1.05101  5.14826e-05
-7.84732e-06  1.58028e-05 -4.66123e-18     0.895666     0.444767  2.57319e-05
   -0.304971     0.614146 -4.55253e-18     0.612281     0.304044      1.00002
dot q: [-0.931737, 0.060421, 0.085749, -0.146158, 4.7e-05, 0.684739]
STEP 61
Posizione end effector iniziale: -0.801006  -1.82343   6.49803
det = 22.931

J inversa
    0.277803    -0.616052 -1.21773e-16    -0.614204    -0.276969 -1.76603e-05
  -0.0613755    -0.139716    -0.226269   -0.0465583    -0.144445  1.02927e-06
  -0.0865094    -0.196954     0.250184    -0.298906     0.313628 -1.71958e-05
    0.147876     0.336689   -0.0239155     0.756562     -1.08077  4.90286e-05
 -7.2816e-06  1.61476e-05  4.74424e-18     0.911616     0.411085  2.62119e-05
   -0.277803     0.616052   4.5239e-18      0.61418     0.276959      1.00002
dot q: [-0.872176, 0.074106, 0.10663, -0.180729, 4.5e-05, 0.624346]
STEP 62
Posizione end effector iniziale: -0.888622  -1.80442   6.49809
det = 23.3805

J inversa
    0.251644    -0.614375            0    -0.612532    -0.250889 -1.75352e-05
  -0.0658144    -0.133641    -0.226701   -0.0475678    -0.143529  9.58233e-07
  -0.0951338    -0.193196     0.249768    -0.287009     0.325282 -1.64986e-05
     0.16094     0.326856   -0.0230668     0.713626     -1.10713  4.66023e-05
-6.66639e-06  1.62757e-05 -8.02657e-19       0.9254     0.379037  2.64919e-05
   -0.251644     0.614375 -5.31265e-19     0.612507     0.250879      1.00002
dot q: [-0.813465, 0.086362, 0.126999, -0.213369, -9e-06, 0.564909]
STEP 63
Posizione end effector iniziale: -0.976199  -1.78548   6.49811
det = 23.9136

J inversa
    0.226809    -0.609566  1.24362e-16    -0.607738    -0.226128 -1.69707e-05
  -0.0694603    -0.127043    -0.227197   -0.0476664    -0.143033  1.21528e-06
   -0.103458    -0.189244     0.249277    -0.275351     0.336071 -1.66008e-05
    0.172911     0.316305   -0.0220806     0.671761     -1.13026  4.68075e-05
 -5.9359e-06  1.59532e-05 -3.25177e-18     0.937241     0.348731  2.61719e-05
   -0.226809     0.609566 -4.55991e-18     0.607713     0.226119      1.00002
dot q: [-0.756659, 0.097038, 0.146721, -0.243754, 4.2e-05, 0.507387]
STEP 64
Posizione end effector iniziale: -1.06373 -1.76659  6.49809
det = 24.5259

J inversa
    0.203515    -0.602117 -1.25691e-16    -0.600311    -0.202904 -1.67109e-05
  -0.0723012    -0.120073    -0.227741   -0.0470049    -0.143009  1.19978e-06
   -0.111476    -0.185149     0.248718    -0.264001     0.346052 -1.59377e-05
    0.183771      0.30524   -0.0209762     0.631227     -1.15039  4.44799e-05
-5.36698e-06  1.58787e-05  8.24498e-19     0.947365     0.320208  2.63719e-05
   -0.203515     0.602117  1.06318e-16     0.600286     0.202896      1.00002
dot q: [-0.702249, 0.106061, 0.16583, -0.271839, 2.9e-05, 0.452291]
STEP 65
Posizione end effector iniziale: -1.15122 -1.74778  6.49803
det = 25.213

J inversa
    0.181893    -0.592511  1.27044e-16    -0.590733    -0.181347 -1.75813e-05
  -0.0743483    -0.112874    -0.228322   -0.0457276    -0.143478  1.09497e-06
   -0.119186    -0.180962     0.248096    -0.253015     0.355285 -1.57448e-05
     0.19353     0.293853   -0.0197735     0.592229     -1.16777  4.32318e-05
 -5.1751e-06  1.68578e-05  -1.6615e-18     0.955985     0.293474  2.84519e-05
   -0.181893     0.592511 -1.11203e-16     0.590706     0.181339      1.00002
dot q: [-0.65084, 0.113395, 0.184305, -0.297708, 3.9e-05, 0.400272]
STEP 66
Posizione end effector iniziale: -1.23867 -1.72902  6.49794
det = 25.9701

J inversa
    0.161994    -0.581209 -1.28422e-16    -0.579465    -0.161508 -1.69225e-05
   -0.075632    -0.105571    -0.228927   -0.0439721    -0.144444  1.15822e-06
   -0.126599    -0.176728      0.24742    -0.242433     0.363836 -1.50508e-05
    0.202227     0.282315   -0.0184929     0.554905     -1.18267  4.09144e-05
-4.55711e-06  1.63502e-05 -2.92435e-18       0.9633      0.26849  2.81319e-05
   -0.161994     0.581209 -1.75904e-18     0.579438       0.1615      1.00002
dot q: [-0.602578, 0.119078, 0.20215, -0.321242, -1.6e-05, 0.351417]
STEP 67
Posizione end effector iniziale: -1.32608 -1.71032  6.49782
det = 26.7927

J inversa
    0.143813    -0.568629 -1.29826e-16    -0.566923    -0.143381  -1.6123e-05
  -0.0761958   -0.0982728    -0.229542   -0.0418611    -0.145891  1.52324e-06
   -0.133726    -0.172485     0.246697     -0.23228     0.371769 -1.52407e-05
    0.209918     0.270774   -0.0171541     0.519348     -1.19535  4.13793e-05
-3.96512e-06  1.56779e-05 -2.51666e-18      0.96949     0.245195  2.75719e-05
   -0.143813     0.568629  2.17639e-16     0.566896     0.143375      1.00002
dot q: [-0.557774, 0.123161, 0.219321, -0.342488, 3.5e-05, 0.306027]
STEP 68
Posizione end effector iniziale: -1.41346 -1.69168  6.49767
det = 27.6761

J inversa
    0.127296    -0.555143 -1.31257e-16    -0.553478    -0.126914 -1.55199e-05
  -0.0760929   -0.0910696    -0.230158    -0.039506    -0.147788  1.59584e-06
   -0.140584    -0.168266     0.245934    -0.222569     0.379152 -1.46247e-05
    0.216673      0.25935   -0.0157759     0.485592     -1.20606  3.92907e-05
-3.47918e-06  1.51728e-05 -3.80445e-18     0.974719     0.223506  2.73318e-05
   -0.127296     0.555143 -2.16019e-18     0.553451     0.126908      1.00002
dot q: [-0.516288, 0.125727, 0.23592, -0.361654, 3.4e-05, 0.264034]
STEP 69
Posizione end effector iniziale:  -1.5008 -1.67308   6.4975
det = 28.6159

J inversa
     0.11236    -0.541064  1.32716e-16    -0.539441    -0.112023  -1.4904e-05
  -0.0753807   -0.0840327    -0.230763   -0.0369973      -0.1501  1.66679e-06
   -0.147192    -0.164098     0.245139    -0.213305     0.386045 -1.40186e-05
     0.22257     0.248144   -0.0143761     0.453642     -1.21505  3.72536e-05
 -3.0395e-06  1.46366e-05 -2.98813e-21     0.979126      0.20333  2.70518e-05
    -0.11236     0.541064 -1.10461e-16     0.539415     0.112017      1.00001
dot q: [-0.47808, 0.126897, 0.251951, -0.378859, 2.9e-05, 0.225379]
STEP 70
Posizione end effector iniziale: -1.58811 -1.65451  6.49732
det = 29.608

J inversa
   0.0989019    -0.526653 -1.34205e-16    -0.525073   -0.0986052 -1.42172e-05
  -0.0741185   -0.0772167    -0.231348   -0.0344101    -0.152786  1.76386e-06
    -0.15357        -0.16     0.244319    -0.204484     0.392508 -1.34749e-05
    0.227686     0.237229   -0.0129708     0.423473     -1.22254  3.54528e-05
-2.63192e-06   1.4015e-05 -1.27867e-18     0.982834      0.18457  2.66118e-05
  -0.0989019     0.526653  7.56956e-19     0.525047    0.0986003      1.00001
dot q: [-0.443045, 0.126784, 0.267418, -0.394163, 2.7e-05, 0.189806]
STEP 71
Posizione end effector iniziale: -1.67538 -1.63598  6.49712
det = 30.6481

J inversa
   0.0868075    -0.512122 -1.65667e-17    -0.510586   -0.0865471 -1.45891e-05
   -0.072365    -0.070662    -0.231907    -0.031806    -0.155802  1.74364e-06
   -0.159739     -0.15599     0.243481    -0.196096     0.398594 -1.32183e-05
    0.232102     0.226663   -0.0115745     0.395035     -1.22873  3.41364e-05
-2.44549e-06  1.44272e-05  4.06247e-18     0.985951     0.167124  2.81718e-05
  -0.0868075     0.512122  1.56196e-17     0.510558    0.0865424      1.00001
dot q: [-0.410925, 0.125474, 0.282467, -0.407959, -2.4e-05, 0.157296]
STEP 72
Posizione end effector iniziale: -1.76263 -1.61747  6.49692
det = 31.7326

J inversa
   0.0759603    -0.497638 -1.57467e-17    -0.496145   -0.0757324 -1.37776e-05
  -0.0701758   -0.0643952    -0.232433   -0.0292304    -0.159108  2.15883e-06
   -0.165718    -0.152078     0.242633    -0.188129     0.404354  -1.3543e-05
    0.235892     0.216485   -0.0102006     0.368265     -1.23379  3.50059e-05
-2.08522e-06  1.36609e-05 -4.28721e-18     0.988564     0.150896  2.74518e-05
  -0.0759603     0.497638 -2.15157e-18     0.496118    0.0757283      1.00001
dot q: [-0.381652, 0.123119, 0.297014, -0.420145, 2.9e-05, 0.127567]
STEP 73
Posizione end effector iniziale: -1.84985 -1.59897  6.49671
det = 32.8578

J inversa
   0.0662431    -0.483332 -3.00084e-17    -0.481882   -0.0660444 -1.31185e-05
  -0.0676037    -0.058434    -0.232921   -0.0267222    -0.162661  2.22849e-06
   -0.171528    -0.148272     0.241781    -0.180565     0.409835 -1.29949e-05
     0.23913     0.206717  -0.00886044     0.343083     -1.23791  3.32282e-05
-1.78667e-06  1.30361e-05  2.14832e-19     0.990751     0.135788  2.69718e-05
  -0.0662431     0.483332 -1.84792e-20     0.481855    0.0660407      1.00001
dot q: [-0.354863, 0.119805, 0.311181, -0.431003, 2.8e-05, 0.100448]
STEP 74
Posizione end effector iniziale: -1.93705 -1.58049  6.49649
det = 34.0202

J inversa
   0.0575463    -0.469302  1.43288e-17    -0.467894   -0.0573737 -1.23937e-05
  -0.0646969   -0.0527866    -0.233367   -0.0243064    -0.166426  2.29538e-06
   -0.177188    -0.144578     0.240932    -0.173385     0.415077 -1.24393e-05
    0.241883     0.197375  -0.00756423     0.319411     -1.24122  3.14856e-05
-1.51297e-06  1.23386e-05 -2.15231e-19     0.992578     0.121711  2.62917e-05
  -0.0575463     0.469302 -1.01453e-19     0.467868    0.0573705      1.00001
dot q: [-0.330441, 0.115658, 0.324966, -0.440639, 2.5e-05, 0.075629]
STEP 75
Posizione end effector iniziale: -2.02422   -1.562  6.49628
det = 35.2165

J inversa
   0.0497654    -0.455621           -0    -0.454254   -0.0496161 -1.17398e-05
  -0.0614991    -0.047455     -0.23377   -0.0220022    -0.170368  2.35927e-06
   -0.182715    -0.140999     0.240091    -0.166571      0.42012 -1.19454e-05
    0.244213     0.188463  -0.00632051     0.297163     -1.24384  2.99278e-05
-1.27854e-06  1.17055e-05  -3.2334e-19     0.994099     0.108581  2.56917e-05
  -0.0497654     0.455621 -1.03885e-19     0.454228    0.0496133      1.00001
dot q: [-0.308095, 0.110762, 0.338429, -0.449153, -2.7e-05, 0.052918]
STEP 76
Posizione end effector iniziale: -2.11138 -1.54353  6.49607
det = 36.4435

J inversa
   0.0428054    -0.442337 -1.31457e-17     -0.44101   -0.0426769 -1.20566e-05
  -0.0580496   -0.0424359    -0.234128   -0.0198207    -0.174456  2.68473e-06
   -0.188126    -0.137536     0.239265    -0.160105     0.424998 -1.26146e-05
    0.246175     0.179981  -0.00513676     0.276256     -1.24589  3.13515e-05
-1.16479e-06  1.20366e-05  1.72668e-18     0.995362    0.0963221  2.72117e-05
  -0.0428054     0.442337   7.2934e-19     0.440983    0.0426743      1.00001
dot q: [-0.287763, 0.105183, 0.351617, -0.456821, 2.7e-05, 0.032288]
STEP 77
Posizione end effector iniziale: -2.19851 -1.52504  6.49587
det = 37.6983

J inversa
   0.0365772    -0.429486  6.31235e-18    -0.428197   -0.0364674  -1.1333e-05
  -0.0543834   -0.0377229     -0.23444   -0.0177712    -0.178665  2.72374e-06
   -0.193439    -0.134188     0.238459    -0.153965     0.429743 -1.20598e-05
    0.247821      0.17192  -0.00401949     0.256602     -1.24747  2.96777e-05
-9.64591e-07  1.13261e-05 -8.64242e-19     0.996404    0.0848588  2.63717e-05
  -0.0365772     0.429486 -3.15597e-19     0.428171    0.0364652      1.00001
dot q: [-0.269125, 0.099045, 0.364541, -0.463606, 2.6e-05, 0.01339]
STEP 78
Posizione end effector iniziale: -2.28563 -1.50655  6.49566
det = 38.9777

J inversa
   0.0310026    -0.417086           -0    -0.415835   -0.0309096 -1.06628e-05
   -0.050531   -0.0333058    -0.234706   -0.0158561    -0.182971  2.74803e-06
   -0.198667    -0.130955      0.23768    -0.148132     0.434385 -1.15273e-05
    0.249198     0.164269   -0.0029738     0.238123     -1.24866  2.80809e-05
 -7.9278e-07  1.06655e-05 -1.02717e-18     0.997259    0.0741277  2.55717e-05
  -0.0310026     0.417086  -4.2828e-19     0.415809    0.0309077      1.00001
dot q: [-0.252097, 0.092376, 0.377243, -0.46964, 2.2e-05, -0.003982]
STEP 79
Posizione end effector iniziale: -2.37273 -1.48805  6.49547
det = 40.2789

J inversa
   0.0260101    -0.405148           -0    -0.403933   -0.0259321 -1.00104e-05
  -0.0465194   -0.0291734    -0.234929    -0.014076    -0.187356  2.78339e-06
   -0.203827    -0.127835     0.236933    -0.142589     0.438952 -1.10615e-05
    0.250346     0.157015   -0.0020043      0.22074     -1.24954  2.66997e-05
-6.43268e-07  1.00199e-05  6.22142e-19     0.997956    0.0640679  2.47317e-05
  -0.0260101     0.405148  2.72664e-19     0.403908    0.0259305      1.00001
dot q: [-0.236491, 0.085276, 0.389759, -0.475054, 2.1e-05, -0.019853]
STEP 80
Posizione end effector iniziale: -2.45981 -1.46954  6.49529
det = 41.5989

J inversa
   0.0215363    -0.393673  5.64181e-18    -0.392492   -0.0214717 -9.42266e-06
  -0.0423718   -0.0253127    -0.235108   -0.0124289    -0.191801  2.80653e-06
   -0.208932    -0.124825     0.236223    -0.137319     0.443467 -1.06232e-05
    0.251304     0.150144  -0.00111449     0.204379     -1.25017  2.53982e-05
-5.16255e-07   9.4369e-06   5.4051e-20     0.998516    0.0546248  2.39716e-05
  -0.0215363     0.393673 -3.26087e-18     0.392468    0.0214704      1.00001
dot q: [-0.222144, 0.077768, 0.402142, -0.479927, -3.3e-05, -0.034442]
STEP 81
Posizione end effector iniziale: -2.54688 -1.45102  6.49511
det = 42.935

J inversa
   0.0175248    -0.382657           -0    -0.381509   -0.0174722  -8.8952e-06
   -0.038108   -0.0217098    -0.235248   -0.0109103    -0.196296  3.23394e-06
   -0.213997    -0.121924     0.235555    -0.132307     0.447957 -1.11736e-05
    0.252104     0.143641  -0.00030755     0.188974     -1.25061  2.68413e-05
-4.08178e-07  8.91262e-06  6.07462e-19     0.998962    0.0457502  2.32916e-05
  -0.0175248     0.382657 -3.03487e-18     0.381486    0.0174712      1.00001
dot q: [-0.209035, 0.069931, 0.414343, -0.484242, 2.5e-05, -0.047777]
STEP 82
Posizione end effector iniziale: -2.63393 -1.43248  6.49494
det = 44.2841

J inversa
   0.0139243    -0.372092  5.26885e-18    -0.370975   -0.0138826 -9.12177e-06
  -0.0337454   -0.0183515     -0.23535  -0.00951783    -0.200829  3.16799e-06
   -0.219033    -0.119127     0.234936    -0.127533     0.452443 -1.08948e-05
    0.252779     0.137485  0.000414215     0.174453     -1.25091  2.56284e-05
 -3.4214e-07  9.14282e-06 -1.86379e-19      0.99931     0.037396  2.45716e-05
  -0.0139243     0.372092 -6.59211e-18     0.370951    0.0138816      1.00001
dot q: [-0.19693, 0.061759, 0.426531, -0.488312, 2e-05, -0.060126]
STEP 83
Posizione end effector iniziale: -2.72097 -1.41393  6.49478
det = 45.6434

J inversa
   0.0106909    -0.361964  2.55016e-18    -0.360878   -0.0106588 -8.55344e-06
  -0.0292977   -0.0152232    -0.235417  -0.00824433    -0.205393  3.16792e-06
   -0.224056    -0.116433     0.234369    -0.122986     0.456947  -1.0466e-05
    0.253353     0.131662   0.00104844     0.160759     -1.25112  2.43996e-05
-2.53282e-07  8.57544e-06 -2.47228e-19     0.999573    0.0295231  2.36916e-05
  -0.0106909     0.361964 -9.10702e-20     0.360854    0.0106581      1.00001
dot q: [-0.185804, 0.053341, 0.438603, -0.491968, 2e-05, -0.071431]
STEP 84
Posizione end effector iniziale: -2.80799 -1.39536  6.49463
det = 47.0098

J inversa
  0.00778446    -0.352261  1.23556e-18    -0.351204  -0.00776111 -7.98531e-06
   -0.024777   -0.0123112    -0.235454  -0.00708424    -0.209982  3.15316e-06
   -0.229077    -0.113838     0.233861    -0.118651     0.461492 -1.00286e-05
    0.253854     0.126155   0.00159366     0.147835     -1.25127  2.31769e-05
-1.76952e-07  8.00739e-06 -6.67341e-19     0.999764    0.0220934  2.27316e-05
 -0.00778446     0.352261 -1.85715e-18     0.351181    0.0077606      1.00001
dot q: [-0.175501, 0.04467, 0.450663, -0.495351, -3.1e-05, -0.081952]
STEP 85
Posizione end effector iniziale:   -2.895 -1.37678  6.49449
det = 48.3803

J inversa
  0.00517059    -0.342966           -0    -0.341937  -0.00515507 -7.52738e-06
  -0.0201928  -0.00960187    -0.235464  -0.00603021    -0.214593  3.55833e-06
   -0.234111     -0.11134     0.233416    -0.114518     0.466098 -1.05711e-05
    0.254304     0.120948   0.00204829     0.135629     -1.25139  2.45544e-05
-1.13812e-07  7.54917e-06 -4.33635e-19     0.999894    0.0150745  2.20116e-05
 -0.00517059     0.342966 -1.50059e-19     0.341915   0.00515474      1.00001
dot q: [-0.166039, 0.035789, 0.462713, -0.498522, 2.1e-05, -0.091603]
STEP 86
Posizione end effector iniziale:   -2.982 -1.35818  6.49436
det = 49.7517

J inversa
  0.00281735    -0.334064           -0    -0.333062   -0.0028089 -7.06496e-06
  -0.0155526  -0.00708237    -0.235452  -0.00507757    -0.219226  3.51362e-06
    -0.23917    -0.108935     0.233041    -0.110572     0.470786 -1.01392e-05
    0.254722     0.116023    0.0024111     0.124088     -1.25152  2.33271e-05
-5.97601e-08  7.08597e-06 -1.25366e-19     0.999972   0.00843333  2.12116e-05
 -0.00281735     0.334064  -4.4706e-19     0.333041   0.00280872      1.00001
dot q: [-0.157247, 0.026736, 0.474758, -0.501462, 2.4e-05, -0.100522]
STEP 87
Posizione end effector iniziale: -3.06899 -1.33956  6.49423
det = 51.1207

J inversa
 0.000697789    -0.325538   1.4131e-19    -0.324561 -0.000695695 -7.29985e-06
   -0.010862  -0.00473996    -0.235421  -0.00421895     -0.22388  3.41835e-06
   -0.244267    -0.106622      0.23274    -0.106803     0.475576 -9.86905e-06
    0.255129     0.111367   0.00268117     0.113171     -1.25169  2.21922e-05
-1.56942e-08   7.3218e-06  1.77832e-20      1.00001   0.00214351  2.24916e-05
-0.000697789     0.325538 -1.96389e-19     0.324538  0.000695647      1.00001
dot q: [-0.149116, 0.017465, 0.486921, -0.50441, 1.8e-05, -0.108909]
STEP 88
Posizione end effector iniziale: -3.15597 -1.32094  6.49411
det = 52.4841

J inversa
 -0.00121272     -0.31737 -2.74832e-19    -0.316417   0.00120908 -6.81296e-06
 -0.00612473  -0.00256244    -0.235377  -0.00344792    -0.228558    3.378e-06
   -0.249418    -0.104397      0.23252    -0.103202     0.480491 -9.47328e-06
    0.255543     0.106964   0.00285696     0.102833     -1.25193  2.11168e-05
 2.61116e-08  6.83342e-06 -3.55754e-20            1  -0.00382116  2.15316e-05
  0.00121272      0.31737 -1.12559e-20     0.316396    -0.001209      1.00001
dot q: [-0.141556, 0.008056, 0.499138, -0.507216, 1.8e-05, -0.11656]
STEP 89
Posizione end effector iniziale: -3.24294 -1.30229    6.494
det = 53.8383

J inversa
 -0.00293561    -0.309543  5.34924e-19    -0.308615    0.0029268 -6.37362e-06
 -0.00134313 -0.000538344    -0.235325  -0.00275828    -0.233265  3.32496e-06
   -0.254636    -0.102259     0.232388   -0.0997583     0.485553  -9.0854e-06
    0.255979     0.102802   0.00293758    0.0930377     -1.25224  2.00619e-05
 6.06245e-08  6.39251e-06  4.23492e-19     0.999961  -0.00948331  2.06515e-05
  0.00293561     0.309543 -2.71162e-19     0.308594  -0.00292661      1.00001
dot q: [-0.134531, -0.001525, 0.511489, -0.509981, -3.2e-05, -0.123759]
STEP 90
Posizione end effector iniziale: -3.32989 -1.28363   6.4939
det = 55.1795

J inversa
 -0.00449008    -0.302043           -0    -0.301137   0.00447661 -6.01479e-06
  0.00348214   0.00134344     -0.23527  -0.00214344    -0.238005   3.7364e-06
   -0.259937    -0.100205     0.232348   -0.0964648     0.490783 -9.69593e-06
    0.256454    0.0988664   0.00292161    0.0837489     -1.25267   2.1541e-05
 8.96733e-08  6.03222e-06 -1.15168e-19     0.999896   -0.0148642  1.99715e-05
  0.00449008     0.302043  7.73971e-19     0.301117  -0.00447632      1.00001
dot q: [-0.128012, -0.011246, 0.523975, -0.51275, 2e-05, -0.130382]
STEP 91
Posizione end effector iniziale: -3.41684 -1.26496   6.4938
det = 56.5039

J inversa
 -0.00589343    -0.294852   1.0154e-18    -0.293967   0.00587575 -5.62513e-06
  0.00835177     0.003093    -0.235217  -0.00159915    -0.242787  3.65073e-06
   -0.265336   -0.0982334     0.232409   -0.0933116     0.496206 -9.28014e-06
    0.256984    0.0951447   0.00280772    0.0749313     -1.25322  2.04109e-05
  1.1275e-07  5.64093e-06 -1.05694e-18     0.999806   -0.0199839  1.91315e-05
  0.00589343     0.294852 -2.73461e-18     0.293948  -0.00587537      1.00001
dot q: [-0.121918, -0.021116, 0.536641, -0.515494, 2.1e-05, -0.136623]
STEP 92
Posizione end effector iniziale: -3.50377 -1.24627  6.49371
det = 57.8074

J inversa
 -0.00716058    -0.287956           -0    -0.287092    0.0071391 -5.85027e-06
   0.0132679   0.00472033    -0.235173  -0.00111913    -0.247618  3.55408e-06
    -0.27085   -0.0963424     0.232578   -0.0902922     0.501847 -9.05597e-06
    0.257582    0.0916261   0.00259426    0.0665561     -1.25392  1.94434e-05
 1.45871e-07  5.86606e-06  -5.1484e-19     0.999697   -0.0248594  2.03715e-05
  0.00716058     0.287956  -1.4559e-19     0.287071  -0.00713859      1.00001
dot q: [-0.116244, -0.031159, 0.549593, -0.518462, 1.8e-05, -0.142426]
STEP 93
Posizione end effector iniziale: -3.59069 -1.22757  6.49362
det = 59.0858

J inversa
 -0.00830516    -0.281339 -1.93247e-18    -0.280495   0.00828025 -5.40227e-06
   0.0182345   0.00623491    -0.235143 -0.000698179    -0.252511  3.46738e-06
   -0.276499   -0.0945306     0.232864   -0.0873995     0.507734  -8.6462e-06
    0.258265    0.0882995     0.002279    0.0585941     -1.25479  1.84003e-05
 1.59886e-07  5.41617e-06 -3.38045e-20      0.99957   -0.0295075  1.92515e-05
  0.00830516     0.281339  3.22215e-18     0.280475  -0.00827968      1.00001
dot q: [-0.110912, -0.041341, 0.562787, -0.521468, -3.2e-05, -0.147872]
STEP 94
Posizione end effector iniziale:  -3.6776 -1.20886  6.49354
det = 60.3345

J inversa
 -0.00933887    -0.274987           -0    -0.274162   0.00931086 -5.03965e-06
   0.0232567   0.00764573    -0.235133  -0.00033053    -0.257476  3.88626e-06
   -0.282302   -0.0927973     0.233274   -0.0846284     0.513895 -9.28055e-06
    0.259045    0.0851556   0.00185972    0.0510213     -1.25584  1.98958e-05
 1.71568e-07   5.0519e-06  1.45609e-18     0.999429   -0.0339417  1.83715e-05
  0.00933887     0.274987  2.02129e-18     0.274144  -0.00931023      1.00001
dot q: [-0.10597, -0.0517, 0.576291, -0.524612, 2.1e-05, -0.152913]
STEP 95
Posizione end effector iniziale:  -3.7645 -1.19013  6.49347
det = 61.5486

J inversa
   -0.010273    -0.268888  3.68648e-18    -0.268081    0.0102422 -4.70327e-06
   0.0283408   0.00896084    -0.235152 -1.32996e-05    -0.262528  3.75937e-06
   -0.288279   -0.0911408     0.233818   -0.0819706     0.520363 -8.84525e-06
    0.259939    0.0821836   0.00133343      0.04381     -1.25711  1.87474e-05
   1.801e-07  4.71399e-06 -7.24563e-19     0.999276   -0.0381778  1.75315e-05
    0.010273     0.268888 -1.81681e-18     0.268064   -0.0102415            1
dot q: [-0.101308, -0.062227, 0.590161, -0.527955, 2.1e-05, -0.157709]
STEP 96
Posizione end effector iniziale: -3.8514 -1.1714 6.49339
det = 62.7232

J inversa
  -0.0111167    -0.263028  3.60331e-18    -0.262239    0.0110834 -4.38105e-06
   0.0334952    0.0101885    -0.235206   0.00025893    -0.267682  3.62185e-06
   -0.294456   -0.0895609     0.234509   -0.0794223     0.527171  -8.4061e-06
    0.260961    0.0793757  0.000696763    0.0369401      -1.2586  1.76057e-05
 1.85554e-07  4.39031e-06  9.91814e-19     0.999112   -0.0422268  1.66915e-05
   0.0111167     0.263028 -1.36813e-18     0.262222   -0.0110827            1
dot q: [-0.096952, -0.07296, 0.604451, -0.531511, 1.7e-05, -0.162089]
STEP 97
Posizione end effector iniziale: -3.93828 -1.15266  6.49332
det = 63.8527

J inversa
  -0.0118788    -0.257396           -0    -0.256623    0.0118432 -4.08245e-06
   0.0387297    0.0113363    -0.235302  0.000490157    -0.272957  3.51804e-06
   -0.300858   -0.0880572     0.235357   -0.0769782     0.534358 -8.05135e-06
    0.262129     0.076724 -5.45646e-05    0.0303902     -1.26034  1.66748e-05
 1.88771e-07  4.09038e-06 -6.67178e-19     0.998941   -0.0461011  1.58915e-05
   0.0118788     0.257396  -1.7129e-19     0.256608   -0.0118424            1
dot q: [-0.092836, -0.083881, 0.619177, -0.535262, -2.9e-05, -0.166369]
STEP 98
Posizione end effector iniziale: -4.02515  -1.1339  6.49325
det = 64.9314

J inversa
  -0.0125667    -0.251979           -0    -0.251223     0.012529 -4.33934e-06
   0.0440557    0.0124117     -0.23545  0.000685084    -0.278373  3.94871e-06
   -0.307514   -0.0866302     0.236376   -0.0746348     0.541967 -8.90219e-06
    0.263458    0.0742219  -0.00092527     0.024143     -1.26235   1.8255e-05
 2.16793e-07    4.347e-06  1.18438e-18     0.998763   -0.0498103  1.72515e-05
   0.0125667     0.251979  2.97892e-19     0.251206   -0.0125281            1
dot q: [-0.089003, -0.095082, 0.634519, -0.539462, 2.3e-05, -0.170249]
STEP 99
Posizione end effector iniziale: -4.11201 -1.11514  6.49318
det = 65.9529

J inversa
  -0.0131877    -0.246768           -0    -0.246027    0.0131481   -4.004e-06
   0.0494875    0.0134214    -0.235659  0.000845902    -0.283954  3.77017e-06
   -0.314457   -0.0852797     0.237581   -0.0723861     0.550045 -8.40454e-06
    0.264969    0.0718613  -0.00192175    0.0181778     -1.26467  1.70158e-05
 2.14318e-07  4.01032e-06  1.56986e-18     0.998579   -0.0533657  1.62515e-05
   0.0131877     0.246768  3.83419e-19     0.246011   -0.0131472            1
dot q: [-0.08537, -0.106517, 0.650431, -0.543935, 2e-05, -0.173969]

Posizione end effector raggiunta: -4.19886 -1.09636  6.49311
CHECK COLLISIONI STEP 0
NO COLLISIONI

CHECK COLLISIONI STEP 1
NO COLLISIONI

CHECK COLLISIONI STEP 2
NO COLLISIONI

CHECK COLLISIONI STEP 3
NO COLLISIONI

CHECK COLLISIONI STEP 4
NO COLLISIONI

CHECK COLLISIONI STEP 5
NO COLLISIONI

CHECK COLLISIONI STEP 6
NO COLLISIONI

CHECK COLLISIONI STEP 7
NO COLLISIONI

CHECK COLLISIONI STEP 8
NO COLLISIONI

CHECK COLLISIONI STEP 9
NO COLLISIONI

CHECK COLLISIONI STEP 10
NO COLLISIONI

CHECK COLLISIONI STEP 11
NO COLLISIONI

CHECK COLLISIONI STEP 12
NO COLLISIONI

CHECK COLLISIONI STEP 13
NO COLLISIONI

CHECK COLLISIONI STEP 14
NO COLLISIONI

CHECK COLLISIONI STEP 15
NO COLLISIONI

CHECK COLLISIONI STEP 16
NO COLLISIONI

CHECK COLLISIONI STEP 17
NO COLLISIONI

CHECK COLLISIONI STEP 18
NO COLLISIONI

CHECK COLLISIONI STEP 19
NO COLLISIONI

CHECK COLLISIONI STEP 20
NO COLLISIONI

CHECK COLLISIONI STEP 21
NO COLLISIONI

CHECK COLLISIONI STEP 22
NO COLLISIONI

CHECK COLLISIONI STEP 23
NO COLLISIONI

CHECK COLLISIONI STEP 24
NO COLLISIONI

CHECK COLLISIONI STEP 25
NO COLLISIONI

CHECK COLLISIONI STEP 26
NO COLLISIONI

CHECK COLLISIONI STEP 27
NO COLLISIONI

CHECK COLLISIONI STEP 28
NO COLLISIONI

CHECK COLLISIONI STEP 29
NO COLLISIONI

CHECK COLLISIONI STEP 30
NO COLLISIONI

CHECK COLLISIONI STEP 31
NO COLLISIONI

CHECK COLLISIONI STEP 32
NO COLLISIONI

CHECK COLLISIONI STEP 33
NO COLLISIONI

CHECK COLLISIONI STEP 34
NO COLLISIONI

CHECK COLLISIONI STEP 35
NO COLLISIONI

CHECK COLLISIONI STEP 36
NO COLLISIONI

CHECK COLLISIONI STEP 37
NO COLLISIONI

CHECK COLLISIONI STEP 38
NO COLLISIONI

CHECK COLLISIONI STEP 39
NO COLLISIONI

CHECK COLLISIONI STEP 40
NO COLLISIONI

CHECK COLLISIONI STEP 41
NO COLLISIONI

CHECK COLLISIONI STEP 42
NO COLLISIONI

CHECK COLLISIONI STEP 43
NO COLLISIONI

CHECK COLLISIONI STEP 44
NO COLLISIONI

CHECK COLLISIONI STEP 45
NO COLLISIONI

CHECK COLLISIONI STEP 46
NO COLLISIONI

CHECK COLLISIONI STEP 47
NO COLLISIONI

CHECK COLLISIONI STEP 48
NO COLLISIONI

CHECK COLLISIONI STEP 49
NO COLLISIONI

CHECK COLLISIONI STEP 50
NO COLLISIONI

CHECK COLLISIONI STEP 51
NO COLLISIONI

CHECK COLLISIONI STEP 52
NO COLLISIONI

CHECK COLLISIONI STEP 53
NO COLLISIONI

CHECK COLLISIONI STEP 54
NO COLLISIONI

CHECK COLLISIONI STEP 55
NO COLLISIONI

CHECK COLLISIONI STEP 56
NO COLLISIONI

CHECK COLLISIONI STEP 57
NO COLLISIONI

CHECK COLLISIONI STEP 58
NO COLLISIONI

CHECK COLLISIONI STEP 59
NO COLLISIONI

CHECK COLLISIONI STEP 60
NO COLLISIONI

CHECK COLLISIONI STEP 61
NO COLLISIONI

CHECK COLLISIONI STEP 62
NO COLLISIONI

CHECK COLLISIONI STEP 63
NO COLLISIONI

CHECK COLLISIONI STEP 64
NO COLLISIONI

CHECK COLLISIONI STEP 65
NO COLLISIONI

CHECK COLLISIONI STEP 66
NO COLLISIONI

CHECK COLLISIONI STEP 67
NO COLLISIONI

CHECK COLLISIONI STEP 68
NO COLLISIONI

CHECK COLLISIONI STEP 69
NO COLLISIONI

CHECK COLLISIONI STEP 70
NO COLLISIONI

CHECK COLLISIONI STEP 71
NO COLLISIONI

CHECK COLLISIONI STEP 72
NO COLLISIONI

CHECK COLLISIONI STEP 73
NO COLLISIONI

CHECK COLLISIONI STEP 74
NO COLLISIONI

CHECK COLLISIONI STEP 75
NO COLLISIONI

CHECK COLLISIONI STEP 76
NO COLLISIONI

CHECK COLLISIONI STEP 77
NO COLLISIONI

CHECK COLLISIONI STEP 78
NO COLLISIONI

CHECK COLLISIONI STEP 79
NO COLLISIONI

CHECK COLLISIONI STEP 80
NO COLLISIONI

CHECK COLLISIONI STEP 81
NO COLLISIONI

CHECK COLLISIONI STEP 82
NO COLLISIONI

CHECK COLLISIONI STEP 83
NO COLLISIONI

CHECK COLLISIONI STEP 84
NO COLLISIONI

CHECK COLLISIONI STEP 85
NO COLLISIONI

CHECK COLLISIONI STEP 86
NO COLLISIONI

CHECK COLLISIONI STEP 87
NO COLLISIONI

CHECK COLLISIONI STEP 88
NO COLLISIONI

CHECK COLLISIONI STEP 89
NO COLLISIONI

CHECK COLLISIONI STEP 90
NO COLLISIONI

CHECK COLLISIONI STEP 91
NO COLLISIONI

CHECK COLLISIONI STEP 92
NO COLLISIONI

CHECK COLLISIONI STEP 93
NO COLLISIONI

CHECK COLLISIONI STEP 94
NO COLLISIONI

CHECK COLLISIONI STEP 95
NO COLLISIONI

CHECK COLLISIONI STEP 96
NO COLLISIONI

CHECK COLLISIONI STEP 97
NO COLLISIONI

CHECK COLLISIONI STEP 98
NO COLLISIONI

CHECK COLLISIONI STEP 99
NO COLLISIONI


MATRICE di q

2.30516 -0.121011 -0.909695 -3.68173 -1.57082 3.44963 
2.29407 -0.106328 -0.955107 -3.65101 -1.57082 3.47053 
2.28272 -0.0931329 -0.997578 -3.62173 -1.57083 3.49046 
2.27109 -0.0812064 -1.03758 -3.59366 -1.57083 3.50953 
2.25916 -0.0703822 -1.07546 -3.5666 -1.57083 3.52783 
2.24692 -0.0605314 -1.11151 -3.54039 -1.57083 3.54544 
2.23434 -0.0515516 -1.14596 -3.51493 -1.57083 3.56245 
2.22139 -0.04336 -1.17898 -3.4901 -1.57083 3.57892 
2.20806 -0.03589 -1.21073 -3.46582 -1.57083 3.59494 
2.19433 -0.0290874 -1.24133 -3.44202 -1.57083 3.61059 
2.18017 -0.0229068 -1.27088 -3.41865 -1.57083 3.62592 
2.16555 -0.017311 -1.29947 -3.39565 -1.57083 3.64102 
2.15045 -0.0122677 -1.32718 -3.37299 -1.57083 3.65595 
2.13484 -0.00775019 -1.35406 -3.35063 -1.57083 3.67077 
2.1187 -0.00373659 -1.38017 -3.32853 -1.57084 3.68555 
2.10199 -0.000206715 -1.40556 -3.30667 -1.57084 3.70035 
2.08468 0.00285481 -1.43026 -3.28503 -1.57084 3.71525 
2.06675 0.00546401 -1.45431 -3.26359 -1.57084 3.73029 
2.04815 0.00763245 -1.47773 -3.24233 -1.57084 3.74555 
2.02886 0.00937157 -1.50056 -3.22124 -1.57084 3.76108 
2.00884 0.010691 -1.52282 -3.20031 -1.57084 3.77695 
1.98804 0.0116006 -1.54451 -3.17952 -1.57084 3.79321 
1.96643 0.0121086 -1.56567 -3.15887 -1.57084 3.80994 
1.94397 0.0122223 -1.58629 -3.13836 -1.57084 3.82719 
1.92061 0.0119502 -1.6064 -3.11798 -1.57084 3.84503 
1.89631 0.0112988 -1.62599 -3.09774 -1.57084 3.86352 
1.87102 0.0102772 -1.64508 -3.07762 -1.57084 3.88272 
1.84469 0.00889257 -1.66367 -3.05764 -1.57084 3.9027 
1.81728 0.00715341 -1.68177 -3.0378 -1.57084 3.92353 
1.78874 0.00506937 -1.69938 -3.01811 -1.57084 3.94526 
1.75901 0.00264937 -1.71649 -2.99858 -1.57084 3.96795 
1.72805 -9.39945e-05 -1.73311 -2.97922 -1.57085 3.99168 
1.69581 -0.00314959 -1.74923 -2.96004 -1.57085 4.0165 
1.66224 -0.00650287 -1.76485 -2.94106 -1.57084 4.04247 
1.6273 -0.010139 -1.77996 -2.92231 -1.57084 4.06965 
1.59095 -0.0140402 -1.79457 -2.9038 -1.57085 4.09808 
1.55314 -0.0181857 -1.80865 -2.88557 -1.57085 4.12781 
1.51387 -0.0225537 -1.8222 -2.86765 -1.57085 4.15887 
1.4731 -0.0271186 -1.83522 -2.85007 -1.57085 4.1913 
1.43083 -0.0318527 -1.84768 -2.83287 -1.57085 4.2251 
1.38708 -0.0367227 -1.85957 -2.81611 -1.57085 4.26028 
1.34186 -0.0416937 -1.87088 -2.79982 -1.57085 4.29681 
1.29522 -0.0467249 -1.8816 -2.78407 -1.57085 4.33465 
1.24724 -0.0517736 -1.89169 -2.76893 -1.57085 4.37374 
1.19801 -0.0567908 -1.90115 -2.75445 -1.57085 4.41398 
1.14767 -0.0617234 -1.90995 -2.74071 -1.57085 4.45526 
1.09637 -0.0665154 -1.91807 -2.7278 -1.57084 4.49742 
1.0443 -0.071106 -1.92548 -2.7158 -1.57084 4.54026 
0.991706 -0.0754325 -1.93216 -2.70479 -1.57085 4.58356 
0.938833 -0.0794299 -1.93809 -2.69486 -1.57084 4.62707 
0.885973 -0.0830338 -1.94324 -2.68611 -1.57084 4.67051 
0.833436 -0.0861807 -1.94758 -2.67862 -1.57084 4.71357 
0.781544 -0.0888113 -1.95109 -2.67247 -1.57084 4.75592 
0.730623 -0.0908732 -1.95376 -2.66774 -1.57084 4.79725 
0.680986 -0.0923222 -1.95557 -2.66448 -1.57084 4.83725 
0.632924 -0.0931266 -1.9565 -2.66274 -1.57084 4.87562 
0.586696 -0.0932666 -1.95656 -2.66255 -1.57083 4.91212 
0.542518 -0.0927381 -1.95572 -2.6639 -1.57083 4.94653 
0.500552 -0.0915509 -1.95402 -2.6668 -1.57083 4.97869 
0.460905 -0.08973 -1.95144 -2.67119 -1.57083 5.00848 
0.423636 -0.0873132 -1.94801 -2.67704 -1.57083 5.03587 
0.388749 -0.0843489 -1.94375 -2.68427 -1.57083 5.06085 
0.35621 -0.0808944 -1.93867 -2.6928 -1.57083 5.08344 
0.325944 -0.0770129 -1.9328 -2.70255 -1.57083 5.10374 
0.297854 -0.0727705 -1.92617 -2.71342 -1.57082 5.12183 
0.27182 -0.0682347 -1.91879 -2.72533 -1.57082 5.13784 
0.247717 -0.0634716 -1.91071 -2.73818 -1.57082 5.1519 
0.225406 -0.0585451 -1.90193 -2.75188 -1.57082 5.16414 
0.204755 -0.053516 -1.8925 -2.76635 -1.57082 5.1747 
0.185631 -0.0484402 -1.88242 -2.7815 -1.57082 5.18372 
0.16791 -0.0433688 -1.87172 -2.79727 -1.57082 5.19131 
0.151473 -0.0383498 -1.86042 -2.81359 -1.57082 5.1976 
0.136206 -0.0334251 -1.84854 -2.83039 -1.57082 5.2027 
0.122012 -0.0286329 -1.8361 -2.84763 -1.57082 5.20672 
0.108794 -0.0240066 -1.8231 -2.86526 -1.57082 5.20975 
0.0964705 -0.0195761 -1.80956 -2.88323 -1.57082 5.21186 
0.08496 -0.0153688 -1.7955 -2.9015 -1.57082 5.21316 
0.074195 -0.011407 -1.78091 -2.92004 -1.57082 5.21369 
0.0641111 -0.00771191 -1.76582 -2.93883 -1.57081 5.21353 
0.0546515 -0.00430087 -1.75023 -2.95783 -1.57081 5.21274 
0.0457657 -0.00119015 -1.73415 -2.97703 -1.57082 5.21136 
0.0374043 0.00160709 -1.71757 -2.9964 -1.57081 5.20945 
0.0295271 0.00407745 -1.70051 -3.01593 -1.57081 5.20704 
0.022095 0.00621109 -1.68297 -3.03561 -1.57081 5.20419 
0.0150749 0.00799789 -1.66494 -3.05542 -1.57081 5.20091 
0.00843337 0.00942945 -1.64643 -3.07536 -1.57081 5.19724 
0.00214349 0.0104989 -1.62744 -3.09542 -1.57081 5.19322 
-0.00382115 0.0111975 -1.60797 -3.1156 -1.57081 5.18887 
-0.00948339 0.0115197 -1.588 -3.13589 -1.57081 5.1842 
-0.0148646 0.0114587 -1.56754 -3.15629 -1.57081 5.17925 
-0.0199851 0.0110089 -1.54658 -3.1768 -1.57081 5.17404 
-0.0248618 0.0101642 -1.52512 -3.19742 -1.57081 5.16857 
-0.0295116 0.00891789 -1.50313 -3.21815 -1.57081 5.16288 
-0.0339481 0.00726425 -1.48062 -3.23901 -1.57081 5.15696 
-0.0381869 0.00519625 -1.45757 -3.26 -1.57081 5.15085 
-0.0422392 0.00270717 -1.43396 -3.28112 -1.57081 5.14454 
-0.0461173 -0.000211235 -1.40979 -3.30238 -1.57081 5.13805 
-0.0498307 -0.00356647 -1.38502 -3.32379 -1.57081 5.1314 
-0.0533908 -0.00736975 -1.35964 -3.34536 -1.57081 5.12459 
-0.0568056 -0.0116304 -1.33362 -3.36712 -1.57081 5.11763 

