STEP 1
Posizione end effector iniziale: -0.701723  -1.99636   6.49884
det = 25.7327

J inversa
    0.318721    -0.518306            0    -0.516751    -0.317765  1.17371e-05
  -0.0436094    -0.124062    -0.228722  -0.00423598    -0.150774  2.86907e-06
  -0.0720057    -0.204855     0.247671    -0.333588     0.282131 -1.54181e-06
    0.115612     0.328922   -0.0189484     0.861645    -0.983185  8.74427e-06
 6.16659e-06 -1.00281e-05 -1.47661e-18     0.851822      0.52381 -1.93477e-05
   -0.318721     0.518306 -5.58898e-17     0.516767     0.317775     0.999988
dot q: [0.520598, -0.016528, -0.027049, 0.043527, 3.9e-05, -0.88971]
STEP 2
Posizione end effector iniziale: -0.654588  -2.00705   6.49885
det = 25.6217

J inversa
     0.33074    -0.513568  1.65948e-16    -0.512028    -0.329748  1.30013e-05
  -0.0410158    -0.125756    -0.228634  -0.00195293    -0.150758  2.84743e-06
  -0.0672956    -0.206339      0.24777    -0.339472     0.274779 -6.14005e-07
    0.108309     0.332099    -0.019135     0.882869    -0.964758  6.27811e-06
 7.06061e-06 -1.09636e-05 -1.02078e-17     0.840729     0.541432 -2.13476e-05
    -0.33074     0.513568  -6.1233e-17     0.512046     0.329759     0.999987
dot q: [0.527356, -0.012605, -0.02048, 0.033083, 1.2e-05, -0.850816]
STEP 3
Posizione end effector iniziale: -0.608054  -2.01768   6.49886
det = 25.5376

J inversa
    0.342521    -0.507994  5.50246e-17     -0.50647    -0.341493  1.30891e-05
  -0.0383385    -0.127213    -0.228567  0.000572174    -0.150725  2.80172e-06
  -0.0626016    -0.207729     0.247845    -0.345251     0.267294 -3.98272e-07
    0.100937     0.334946   -0.0192774     0.903735    -0.945698   5.6281e-06
 7.33951e-06 -1.08853e-05   1.2947e-17     0.829121     0.559045 -2.14276e-05
   -0.342521     0.507994 -1.01086e-16     0.506488     0.341505     0.999987
dot q: [0.533918, -0.008804, -0.01416, 0.022965, 9e-06, -0.814348]
STEP 4
Posizione end effector iniziale: -0.562055  -2.02825   6.49887
det = 25.4792

J inversa
    0.354027    -0.501606            0    -0.500101    -0.352965  1.30919e-05
  -0.0355921    -0.128433     -0.22852   0.00333385    -0.150661   2.7589e-06
  -0.0579238    -0.209026     0.247897    -0.350917     0.259676  -2.5057e-07
   0.0935132     0.337463   -0.0193768     0.924219    -0.926016  5.16322e-06
 7.57189e-06 -1.07283e-05  1.70071e-17     0.816994     0.576624 -2.13876e-05
   -0.354027     0.501606  1.04108e-17     0.500118     0.352977     0.999987
dot q: [0.540333, -0.005084, -0.008076, 0.013164, 1e-05, -0.780463]
STEP 5
Posizione end effector iniziale: -0.516528  -2.03877   6.49888
det = 25.4458

J inversa
     0.36522    -0.494427            0    -0.492944    -0.364125  1.30095e-05
  -0.0327903     -0.12942    -0.228493    0.0063264     -0.15055  2.69871e-06
  -0.0532624     -0.21023     0.247927    -0.356467     0.251925 -1.04484e-07
     0.08605     0.339654   -0.0194343     0.944297    -0.905724  4.67733e-06
 7.75287e-06 -1.04957e-05 -4.18595e-18     0.804341     0.594146 -2.12276e-05
    -0.36522     0.494427 -1.48665e-18     0.492961     0.364137     0.999987
dot q: [0.546489, -0.001482, -0.002192, 0.003674, 8e-06, -0.748736]
STEP 6
Posizione end effector iniziale: -0.471416  -2.04925    6.4989
det = 25.4365

J inversa
    0.376066    -0.486489  5.41772e-17    -0.485029    -0.374937  1.30138e-05
   -0.029947    -0.130175    -0.228485   0.00954206    -0.150376  2.65969e-06
  -0.0486179    -0.211343     0.247936    -0.361893     0.244044  2.87368e-08
   0.0785623     0.341521   -0.0194509     0.963947    -0.884838  4.26313e-06
 7.98309e-06 -1.03271e-05   1.5097e-17     0.791163     0.611585 -2.12276e-05
   -0.376066     0.486489   8.1759e-18     0.485046      0.37495     0.999987
dot q: [0.552394, 0.002032, 0.003508, -0.00554, 7e-06, -0.719024]
STEP 7
Posizione end effector iniziale: -0.426657  -2.05967   6.49891
det = 25.4506

J inversa
    0.386528    -0.477821            0    -0.476388    -0.385369  1.30073e-05
  -0.0270756    -0.130701    -0.228496    0.0129726    -0.150126  2.62332e-06
  -0.0439915    -0.212367     0.247924     -0.36719     0.236034  1.43854e-07
   0.0710645     0.343071   -0.0194279     0.983144    -0.863374  3.90439e-06
 8.20519e-06 -1.01432e-05  6.74456e-18     0.777457     0.628915 -2.12276e-05
   -0.386528     0.477821 -5.19958e-17     0.476404     0.385382     0.999987
dot q: [0.557968, 0.005461, 0.009063, -0.014523, 6e-06, -0.691119]
STEP 8
Posizione end effector iniziale: -0.382216  -2.07006   6.49892
det = 25.4875

J inversa
    0.396573    -0.468459  5.36323e-17    -0.467054    -0.395383  1.29657e-05
  -0.0241895    -0.131001    -0.228526    0.0166089    -0.149784  2.58622e-06
  -0.0393849    -0.213304     0.247892    -0.372353       0.2279  2.35472e-07
   0.0635718     0.344308   -0.0193661      1.00186    -0.841352  3.60987e-06
 8.40256e-06 -9.92568e-06   1.4565e-17     0.763228     0.646109 -2.11876e-05
   -0.396573     0.468459 -4.39797e-17      0.46707     0.395397     0.999987
dot q: [0.563181, 0.008766, 0.014497, -0.02329, -3.3e-05, -0.664908]
STEP 9
Posizione end effector iniziale: -0.338062  -2.08042   6.49893
det = 25.5467

J inversa
    0.406169    -0.458441            0    -0.457066     -0.40495  1.35979e-05
  -0.0213017    -0.131081    -0.228573    0.0204408    -0.149338   2.8361e-06
  -0.0347996    -0.214155      0.24784    -0.377376     0.219644 -1.67893e-07
   0.0560981     0.345239    -0.019267      1.02008    -0.818794  5.08334e-06
 9.04454e-06 -1.02085e-05  3.89519e-18      0.74848     0.663137 -2.22676e-05
   -0.406169     0.458441  3.44825e-18     0.457083     0.404965     0.999986
dot q: [0.567949, 0.01198, 0.019761, -0.031736, 1.2e-05, -0.640184]
STEP 10
Posizione end effector iniziale: -0.294154  -2.09075   6.49894
det = 25.6274

J inversa
    0.415286    -0.447811            0    -0.446468     -0.41404  1.34372e-05
  -0.0184245    -0.130946    -0.228637    0.0244543    -0.148776  2.75096e-06
   -0.030238    -0.214922     0.247769    -0.382252     0.211274  -1.6733e-09
   0.0486594     0.345872   -0.0191316      1.03778    -0.795728  4.52226e-06
  9.1645e-06 -9.88226e-06 -1.27315e-18     0.733223     0.679968 -2.20676e-05
   -0.415286     0.447811  5.42404e-17     0.446484     0.414055     0.999987
dot q: [0.572328, 0.015076, 0.024953, -0.040028, 1.1e-05, -0.616834]
STEP 11
Posizione end effector iniziale: -0.250457  -2.10106   6.49895
det = 25.7293

J inversa
    0.423898    -0.436611 -1.05682e-16    -0.435301    -0.422626  1.33646e-05
  -0.0155698    -0.130602    -0.228717    0.0286384    -0.148088  2.68183e-06
  -0.0257018    -0.215609     0.247679    -0.386976     0.202795  1.68651e-07
   0.0412688     0.346214   -0.0189614      1.05492     -0.77218  3.98108e-06
 9.33758e-06 -9.61763e-06  -6.2254e-18     0.717466     0.696574 -2.20276e-05
   -0.423898     0.436611  1.04109e-16     0.435317     0.422641     0.999987
dot q: [0.576182, 0.018059, 0.030028, -0.048085, 1e-05, -0.594667]
STEP 12
Posizione end effector iniziale: -0.206955  -2.11134   6.49896
det = 25.8519

J inversa
    0.431979    -0.424889            0    -0.423615    -0.430683  1.32588e-05
  -0.0127494    -0.130056    -0.228813    0.0329791    -0.147263   2.6121e-06
  -0.0211937    -0.216216     0.247571    -0.391542     0.194214  3.15845e-07
   0.0339404     0.346276   -0.0187575       1.0715    -0.748181  3.50362e-06
 9.48105e-06 -9.32544e-06 -2.47333e-17     0.701223     0.712924 -2.19476e-05
   -0.431979     0.424889 -6.88727e-17      0.42363     0.430699     0.999987
dot q: [0.579571, 0.020935, 0.035014, -0.055947, 9e-06, -0.573578]
STEP 13
Posizione end effector iniziale: -0.163618   -2.1216   6.49896
det = 25.9946

J inversa
     0.43951    -0.412694 -5.23296e-17    -0.411456    -0.438192  1.31446e-05
 -0.00997396    -0.129316    -0.228924    0.0374624    -0.146292  2.54519e-06
  -0.0167158    -0.216749     0.247445    -0.395946     0.185538  4.45461e-07
    0.026687     0.346067   -0.0185215      1.08748    -0.723761  3.08092e-06
 9.61117e-06 -9.02475e-06  5.05836e-18     0.684508     0.728987 -2.18676e-05
    -0.43951     0.412694  3.04068e-18     0.411471     0.438208     0.999987
dot q: [0.582406, 0.023671, 0.039912, -0.063581, 8e-06, -0.553442]
STEP 14
Posizione end effector iniziale: -0.120427  -2.13184   6.49897
det = 26.1571

J inversa
    0.446473    -0.400076 -5.20783e-17    -0.398875    -0.445134  1.30226e-05
 -0.00725376    -0.128389    -0.229048     0.042073    -0.145168  2.48125e-06
  -0.0122702    -0.217208     0.247303    -0.400184     0.176776   5.5758e-07
   0.0195214       0.3456   -0.0182547      1.10286    -0.698955  2.71275e-06
 9.72772e-06 -8.71682e-06 -9.04455e-18     0.667342     0.744734 -2.17876e-05
   -0.446473     0.400076   4.9506e-17      0.39889      0.44515     0.999987
dot q: [0.584713, 0.026295, 0.044726, -0.071018, 7e-06, -0.534136]
STEP 15
Posizione end effector iniziale: -0.0773657   -2.14206    6.49897
det = 26.3388

J inversa
    0.452855    -0.387086  5.18298e-17    -0.385925    -0.451496  1.28698e-05
 -0.00459826    -0.127284    -0.229185    0.0467958    -0.143886  2.41727e-06
 -0.00785935    -0.217599     0.247144     -0.40425     0.167936  6.46866e-07
   0.0124551     0.344885   -0.0179588       1.1176    -0.673799  2.40745e-06
 9.81242e-06 -8.38735e-06 -3.95705e-18     0.649742     0.760138 -2.16676e-05
   -0.452855     0.387086  5.15296e-17     0.385939     0.451512     0.999987
dot q: [0.586481, 0.028778, 0.049479, -0.078256, 9e-06, -0.515634]
STEP 16
Posizione end effector iniziale: -0.034416  -2.15226   6.49897
det = 26.5394

J inversa
    0.458644    -0.373777  1.03168e-16    -0.372656    -0.457268   1.2758e-05
 -0.00201611    -0.126011    -0.229334    0.0516153    -0.142439  2.34731e-06
 -0.00348514    -0.217923     0.246969    -0.408142     0.159027  7.79596e-07
   0.0054989     0.343935   -0.0176352      1.13171    -0.648328  1.98467e-06
 9.91952e-06 -8.08402e-06 -9.41177e-18     0.631733     0.775169 -2.16276e-05
   -0.458644     0.373777 -5.94114e-17     0.372669     0.457285     0.999987
dot q: [0.587639, 0.031128, 0.05414, -0.085265, 6e-06, -0.497704]
STEP 17
Posizione end effector iniziale: 0.00843049   -2.16246    6.49897
det = 26.7583

J inversa
    0.463836    -0.360202  5.13408e-17    -0.359121    -0.462444  1.25931e-05
 0.000484609    -0.124578    -0.229494    0.0565152    -0.140824   2.2849e-06
 0.000850194    -0.218184     0.246779    -0.411857      0.15006  8.50962e-07
 -0.00133706     0.342764   -0.0172856      1.14516    -0.622581  1.73572e-06
 9.97614e-06 -7.74719e-06 -2.06375e-23      0.61334     0.789803 -2.15077e-05
   -0.463836     0.360202  9.59531e-19     0.359134     0.462461     0.999987
dot q: [0.588258, 0.033354, 0.058731, -0.092083, 8e-06, -0.480414]
STEP 18
Posizione end effector iniziale: 0.0511897  -2.17264   6.49896
det = 26.9952

J inversa
    0.468426    -0.346412            0    -0.345372    -0.467021  1.24465e-05
  0.00289687    -0.122996    -0.229663      0.06148    -0.139038  2.21341e-06
  0.00514491    -0.218387     0.246575    -0.415391     0.141043  9.60601e-07
 -0.00804391     0.341385   -0.0169115      1.15794    -0.596597  1.37758e-06
 1.00374e-05 -7.42288e-06 -5.57783e-18     0.594587     0.804016 -2.14277e-05
   -0.468426     0.346412 -5.70519e-17     0.345385     0.467038     0.999988
dot q: [0.58829, 0.035419, 0.063258, -0.098675, 8e-06, -0.463587]
STEP 19
Posizione end effector iniziale: 0.093869  -2.1828  6.49895
det = 27.2495

J inversa
    0.472418    -0.332458  5.08622e-17    -0.331461       -0.471  1.22951e-05
  0.00521437    -0.121276    -0.229842    0.0664936    -0.137082  2.14021e-06
  0.00939735    -0.218533     0.246356    -0.418744     0.131986  1.06989e-06
  -0.0146137      0.33981   -0.0165147      1.17005    -0.570415   1.0215e-06
 1.00851e-05 -7.09729e-06  2.83726e-18     0.575505     0.817783 -2.13477e-05
   -0.472418     0.332458  1.63417e-18     0.331473     0.471018     0.999988
dot q: [0.587783, 0.037358, 0.06771, -0.105065, 7e-06, -0.447263]
STEP 20
Posizione end effector iniziale: 0.136483 -2.19296  6.49895
det = 27.521

J inversa
    0.475814     -0.31839            0    -0.317435    -0.474387  1.21168e-05
  0.00743171    -0.119425    -0.230028    0.0715408    -0.134953  2.06787e-06
   0.0136062    -0.218628     0.246124    -0.421914     0.122901  1.15686e-06
  -0.0210398     0.338055   -0.0160969      1.18147    -0.544073  7.26869e-07
 1.01005e-05 -6.75876e-06  1.44182e-17      0.55612     0.831087 -2.12277e-05
   -0.475814      0.31839 -4.64203e-17     0.317447     0.474404     0.999988
dot q: [0.586717, 0.039143, 0.07213, -0.111307, -2.8e-05, -0.431291]
STEP 21
Posizione end effector iniziale: 0.179032 -2.20311  6.49894
det = 27.8091

J inversa
    0.478623    -0.304256 -5.03934e-17    -0.303343    -0.477187  1.27722e-05
  0.00954391    -0.117456     -0.23022    0.0766077    -0.132654   2.2892e-06
     0.01777    -0.218675      0.24588    -0.424901     0.113795  8.51435e-07
  -0.0273164     0.336132   -0.0156598      1.19221    -0.517609  1.93095e-06
 1.08111e-05 -6.87251e-06 -2.19593e-18     0.536464     0.843908 -2.25876e-05
   -0.478623     0.304256 -8.07091e-19     0.303355     0.477206     0.999987
dot q: [0.585068, 0.040786, 0.076428, -0.117206, 9e-06, -0.415658]
STEP 22
Posizione end effector iniziale: 0.221532 -2.21325  6.49893
det = 28.1134

J inversa
    0.480856    -0.290104 -5.01626e-17    -0.289233    -0.479414  1.24679e-05
   0.0115476    -0.115378    -0.230419    0.0816771    -0.130187  2.18909e-06
   0.0218876    -0.218676     0.245624    -0.427704     0.104681  9.43724e-07
  -0.0334374     0.334056    -0.015205      1.20227    -0.491067  1.57878e-06
 1.07077e-05    -6.46e-06  1.48414e-18     0.516569     0.856231 -2.22676e-05
   -0.480856     0.290104  5.41044e-17     0.289245     0.479433     0.999988
dot q: [0.582908, 0.04229, 0.080702, -0.123016, 4.5e-05, -0.40037]
STEP 23
Posizione end effector iniziale: 0.263982 -2.22338  6.49891
det = 28.4334

J inversa
    0.482526    -0.275975            0    -0.275148    -0.481078   1.2873e-05
   0.0134393    -0.113201    -0.230622    0.0867369    -0.127556  1.97528e-06
   0.0259577    -0.218637     0.245356    -0.430325    0.0955675  1.80981e-06
  -0.0393985     0.331838   -0.0147344      1.21164    -0.464483 -8.73484e-07
 1.12081e-05 -6.41034e-06  9.03612e-18     0.496467     0.868041 -2.32276e-05
   -0.482526     0.275975 -4.90629e-17     0.275159     0.481099     0.999987
dot q: [0.580265, 0.043642, 0.084893, -0.128524, 5e-06, -0.385322]
STEP 24
Posizione end effector iniziale: 0.306385 -2.23351   6.4989
det = 28.7688

J inversa
     0.48365    -0.261913  4.97077e-17    -0.261127    -0.482199  1.24961e-05
   0.0152168    -0.110934    -0.230828    0.0917733    -0.124763  1.88411e-06
   0.0299806    -0.218559     0.245078    -0.432766    0.0864637  1.81998e-06
  -0.0451988     0.329494   -0.0142495      1.22033    -0.437892 -9.92476e-07
 1.10214e-05 -5.96845e-06 -3.81288e-18     0.476187      0.87933 -2.27876e-05
    -0.48365     0.261913 -2.85091e-17     0.261138     0.482219     0.999988
dot q: [0.577142, 0.044859, 0.089027, -0.133879, 3e-06, -0.37059]
STEP 25
Posizione end effector iniziale: 0.348757 -2.24362  6.49888
det = 29.119

J inversa
    0.484246    -0.247954 -4.94836e-17     -0.24721    -0.482793  1.22084e-05
   0.0168784    -0.108587    -0.231038    0.0967744    -0.121814  1.81484e-06
   0.0339556    -0.218448      0.24479    -0.435027     0.077379  1.81752e-06
  -0.0508352     0.327036   -0.0137521      1.22835    -0.411331 -1.04073e-06
 1.08994e-05 -5.58093e-06  3.08811e-18     0.455762     0.890088 -2.25076e-05
   -0.484246     0.247954  1.67509e-18      0.24722     0.482813     0.999988
dot q: [0.573532, 0.045926, 0.093121, -0.139039, 2e-06, -0.356038]
STEP 26
Posizione end effector iniziale: 0.391091 -2.25373  6.49887
det = 29.4837

J inversa
    0.484333    -0.234135            0    -0.233432     -0.48288  1.19003e-05
   0.0184229     -0.10617    -0.231249     0.101729    -0.118714   1.7489e-06
   0.0378819    -0.218305     0.244492    -0.437113    0.0683229  1.79317e-06
   -0.056306     0.324476   -0.0132438       1.2357    -0.384837 -1.03045e-06
 1.07463e-05 -5.19496e-06  7.79681e-19     0.435224     0.900309 -2.21877e-05
   -0.484333     0.234135   5.5074e-17     0.233442       0.4829     0.999988
dot q: [0.569486, 0.046852, 0.097135, -0.143977, 2e-06, -0.341685]
STEP 27
Posizione end effector iniziale: 0.433398 -2.26383  6.49885
det = 29.8625

J inversa
    0.483934    -0.220488  2.45209e-17    -0.219826    -0.482483   1.1552e-05
     0.01985     -0.10369     -0.23146     0.106625    -0.115471   1.6786e-06
   0.0417598    -0.218135     0.244187    -0.439025     0.059304  1.75884e-06
  -0.0616109     0.321825   -0.0127264       1.2424    -0.358442 -1.00582e-06
 1.05439e-05 -4.80397e-06  3.94763e-18     0.414605     0.909989 -2.17877e-05
   -0.483934     0.220488 -5.21272e-17     0.219835     0.482502     0.999988
dot q: [0.565038, 0.047652, 0.101101, -0.148743, 4e-06, -0.327608]
STEP 28
Posizione end effector iniziale: 0.475673 -2.27393  6.49883
det = 30.2549

J inversa
    0.483072    -0.207043  -2.4412e-17    -0.206421    -0.481623  1.12072e-05
   0.0211596    -0.101156    -0.231672     0.111453    -0.112089  1.59745e-06
   0.0455891     -0.21794     0.243873    -0.440768    0.0503304  1.75894e-06
  -0.0667497     0.319096   -0.0122012      1.24845    -0.332179 -1.08477e-06
 1.03319e-05 -4.42821e-06 -2.39165e-18     0.393934     0.919127 -2.13877e-05
   -0.483072     0.207043 -1.25327e-18      0.20643     0.481642     0.999989
dot q: [0.560213, 0.048298, 0.105013, -0.153301, 4e-06, -0.313656]
STEP 29
Posizione end effector iniziale: 0.517928 -2.28403  6.49882
det = 30.6606

J inversa
     0.48177    -0.193825            0    -0.193244    -0.480325  1.08663e-05
   0.0223524   -0.0985758    -0.231882     0.116206    -0.108576  1.51703e-06
   0.0493703    -0.217724     0.243552    -0.442345    0.0414097  1.75966e-06
  -0.0717237       0.3163     -0.01167      1.25387    -0.306077 -1.16506e-06
 1.01114e-05 -4.06799e-06  2.81579e-18      0.37324     0.927723 -2.09877e-05
    -0.48177     0.193825  2.81738e-17     0.193252     0.480345     0.999989
dot q: [0.555007, 0.048825, 0.108857, -0.157676, 2e-06, -0.299872]
STEP 30
Posizione end effector iniziale: 0.560158 -2.29411   6.4988
det = 31.079

J inversa
    0.480054     -0.18086 -2.41972e-17    -0.180318    -0.478614  1.06116e-05
   0.0234294   -0.0959573    -0.232091     0.120874    -0.104941   1.4583e-06
   0.0531036    -0.217488     0.243225    -0.443762    0.0325495  1.74709e-06
  -0.0765339     0.313446   -0.0111343      1.25868    -0.280166 -1.17376e-06
 9.96013e-06 -3.75247e-06 -5.68218e-18     0.352555      0.93578 -2.07477e-05
   -0.480054      0.18086  2.44061e-17     0.180325     0.478633     0.999989
dot q: [0.549496, 0.049213, 0.112673, -0.161879, 2e-06, -0.286288]
STEP 31
Posizione end effector iniziale: 0.602367  -2.3042  6.49878
det = 31.5098

J inversa
    0.477948    -0.168167 -4.81826e-17    -0.167662    -0.476514  1.03394e-05
   0.0243919   -0.0933072    -0.232297      0.12545     -0.10119    1.398e-06
   0.0567895    -0.217237     0.242893    -0.445022    0.0237566  1.72986e-06
  -0.0811823     0.310544   -0.0105955      1.26288    -0.254472 -1.17624e-06
  9.7826e-06 -3.44203e-06  4.49947e-18     0.331903     0.943303 -2.04677e-05
   -0.477948     0.168167  2.89454e-17     0.167669     0.476533      0.99999
dot q: [0.543674, 0.049476, 0.116414, -0.165884, 1e-06, -0.27292]
STEP 32
Posizione end effector iniziale: 0.644558 -2.31428  6.49876
det = 31.9526

J inversa
    0.475478    -0.155764            0    -0.155297    -0.474051  1.00905e-05
   0.0252417   -0.0906323      -0.2325     0.129929   -0.0973311  1.34673e-06
   0.0604287    -0.216971     0.242555    -0.446132     0.015037  1.70094e-06
  -0.0856713     0.307604   -0.0100551      1.26651     -0.22902 -1.13604e-06
 9.61793e-06 -3.15078e-06  8.23718e-19     0.311312     0.950297 -2.02277e-05
   -0.475478     0.155764  2.67818e-17     0.155303     0.474071      0.99999
dot q: [0.537613, 0.049622, 0.120128, -0.169788, -2.3e-05, -0.259696]
STEP 33
Posizione end effector iniziale: 0.686734 -2.32435  6.49874
det = 32.407

J inversa
    0.472668    -0.143665            0    -0.143234     -0.47125  1.07117e-05
   0.0259808   -0.0879382    -0.232699     0.134306   -0.0933721  1.53423e-06
   0.0640222    -0.216695     0.242213    -0.447096   0.00639602    1.478e-06
  -0.0900043     0.304634  -0.00951447      1.26957    -0.203832 -1.80606e-07
 1.02796e-05 -3.12442e-06  -8.2929e-19     0.290806     0.956771 -2.17477e-05
   -0.472668     0.143665 -2.69034e-17      0.14324     0.471271     0.999989
dot q: [0.531261, 0.04965, 0.123767, -0.173405, 4e-06, -0.246679]
STEP 34
Posizione end effector iniziale: 0.728895 -2.33443  6.49872
det = 32.8726

J inversa
    0.469545    -0.131884            0    -0.131489    -0.468136  1.03416e-05
   0.0266116   -0.0852311    -0.232893     0.138575   -0.0893213   1.4529e-06
   0.0675703     -0.21641     0.241868     -0.44792  -0.00215997  1.46973e-06
  -0.0941832     0.301641  -0.00897481      1.27209     -0.17893  -2.5101e-07
 9.98624e-06  -2.8049e-06  4.17577e-18      0.27041     0.962735 -2.12677e-05
   -0.469545     0.131884 -2.48222e-17     0.131494     0.468157      0.99999
dot q: [0.524708, 0.049565, 0.127359, -0.176911, 3e-06, -0.233764]
STEP 35
Posizione end effector iniziale: 0.771038  -2.3445   6.4987
det = 33.349

J inversa
    0.466132    -0.120431  2.36772e-17     -0.12007    -0.464734  9.95888e-06
   0.0271366   -0.0825162    -0.233082     0.142733   -0.0851864  1.37746e-06
   0.0710743    -0.216118      0.24152     -0.44861   -0.0106269  1.44027e-06
  -0.0982121     0.298634  -0.00843741      1.27409    -0.154334 -2.66103e-07
 9.67127e-06 -2.49869e-06  2.51989e-18     0.250146     0.968198 -2.07477e-05
   -0.466132     0.120431 -2.57216e-17     0.120075     0.464754      0.99999
dot q: [0.517975, 0.049359, 0.130926, -0.180276, 3e-06, -0.221133]
STEP 36
Posizione end effector iniziale:  0.81317 -2.35457  6.49868
det = 33.8358

J inversa
    0.462454    -0.109313            0    -0.108985    -0.461067  9.65923e-06
   0.0275584   -0.0797981    -0.233266     0.146777   -0.0809751   1.3109e-06
   0.0745351    -0.215821      0.24117    -0.449173   -0.0190006  1.43128e-06
   -0.102095      0.29562   -0.0079036      1.27558    -0.130059 -3.10554e-07
 9.42848e-06 -2.22866e-06  4.43095e-18     0.230034     0.973173 -2.03877e-05
   -0.462454     0.109313  2.86552e-17     0.108989     0.461087      0.99999
dot q: [0.511068, 0.049051, 0.134433, -0.183475, 2e-06, -0.208575]
STEP 37
Posizione end effector iniziale: 0.855292 -2.36463  6.49866
det = 34.3327

J inversa
    0.458535   -0.0985349  1.17378e-17   -0.0982393    -0.457159  9.36497e-06
   0.0278799   -0.0770814    -0.233443     0.150704    -0.076695  1.25202e-06
   0.0779538    -0.215522     0.240818    -0.449613   -0.0272776  1.40573e-06
   -0.105835     0.292603  -0.00737447      1.27659    -0.106121 -3.06117e-07
  9.1835e-06 -1.97345e-06  4.45198e-18     0.210093     0.977672 -2.00277e-05
   -0.458535    0.0985349  1.97949e-18    0.0982435     0.457179     0.999991
dot q: [0.504034, 0.048649, 0.137899, -0.186539, 4e-06, -0.196325]
STEP 38
Posizione end effector iniziale:   0.8974 -2.37469  6.49864
det = 34.8392

J inversa
    0.454396   -0.0881013 -1.16881e-17    -0.087837    -0.453033  9.07615e-06
    0.028104     -0.07437    -0.233614     0.154514   -0.0723535  1.18122e-06
   0.0813317    -0.215221     0.240465    -0.449937   -0.0354547  1.41568e-06
   -0.109437     0.289591  -0.00685103      1.27714   -0.0825326  -4.0527e-07
 8.93703e-06 -1.73277e-06  6.38358e-19      0.19034     0.981709 -1.96677e-05
   -0.454396    0.0881013  1.37382e-17    0.0878408     0.453053     0.999991
dot q: [0.496861, 0.048136, 0.141337, -0.189464, 4e-06, -0.18415]
STEP 39
Posizione end effector iniziale: 0.939498 -2.38476  6.49862
det = 35.3551

J inversa
    0.450061   -0.0780142  -4.6555e-17   -0.0777801    -0.448711  8.79287e-06
   0.0282336   -0.0716674    -0.233778     0.158206   -0.0679577  1.11141e-06
   0.0846697    -0.214921     0.240113    -0.450152   -0.0435291  1.42656e-06
   -0.112904     0.286588  -0.00633446      1.27725   -0.0593067 -5.06334e-07
 8.68974e-06 -1.50629e-06   1.2814e-18     0.170793     0.985298 -1.93078e-05
   -0.450061    0.0780142  2.72414e-17    0.0777834      0.44873     0.999991
dot q: [0.489597, 0.047536, 0.144712, -0.192242, 4e-06, -0.172258]
STEP 40
Posizione end effector iniziale: 0.981588 -2.39481   6.4986
det = 35.8799

J inversa
    0.445549   -0.0682736  1.15899e-17   -0.0680688    -0.444213  8.56908e-06
    0.028272   -0.0689772    -0.233935     0.161778   -0.0635147  1.04718e-06
   0.0879692    -0.214623     0.239761    -0.450263   -0.0514988  1.45266e-06
   -0.116242       0.2836  -0.00582567      1.27695   -0.0364525 -6.28215e-07
  8.4957e-06 -1.30184e-06  -6.4301e-18     0.151465     0.988454 -1.90678e-05
   -0.445549    0.0682736 -2.88982e-18    0.0680717     0.444232     0.999991
dot q: [0.482261, 0.046841, 0.148078, -0.194913, 3e-06, -0.160519]
STEP 41
Posizione end effector iniziale:  1.02367 -2.40487  6.49858
det = 36.4133

J inversa
    0.440882   -0.0588785 -1.15414e-17   -0.0587018    -0.439559  8.34945e-06
    0.028222    -0.066302    -0.234084     0.165231   -0.0590309  9.90413e-07
   0.0912315    -0.214329      0.23941    -0.450278    -0.059362  1.46203e-06
   -0.119454     0.280631  -0.00532564      1.27625   -0.0139782 -7.00804e-07
 8.30088e-06 -1.10856e-06  3.00903e-18     0.132371     0.991192 -1.88278e-05
   -0.440882    0.0588785  1.33445e-18    0.0587043     0.439578     0.999992
dot q: [0.474854, 0.046054, 0.151395, -0.197465, 4.8e-05, -0.149014]
STEP 42
Posizione end effector iniziale:  1.06574 -2.41493  6.49856
det = 36.9549

J inversa
    0.436077   -0.0498265            0    -0.049677    -0.434769  8.51911e-06
    0.028087   -0.0636446    -0.234226     0.168566   -0.0545135  6.52631e-07
   0.0944576    -0.214039     0.239061    -0.450201   -0.0671167  2.36716e-06
   -0.122545     0.277684  -0.00483531      1.27517   0.00810802 -3.18814e-06
 8.48951e-06 -9.70018e-07 -1.02345e-18     0.113521     0.993527 -1.94678e-05
   -0.436077    0.0498265  6.15385e-18    0.0496792     0.434788     0.999991
dot q: [0.46743, 0.045206, 0.154661, -0.199857, -4e-06, -0.13764]
STEP 43
Posizione end effector iniziale:  1.10781 -2.42498  6.49854
det = 37.5044

J inversa
    0.431153   -0.0411137 -5.72284e-18   -0.0409904     -0.42986  8.23371e-06
   0.0278698   -0.0610073     -0.23436     0.171783    -0.049967   6.3606e-07
   0.0976494    -0.213756     0.238715    -0.450039   -0.0747638  2.23743e-06
   -0.125519     0.274763  -0.00435529      1.27374    0.0298038 -2.88184e-06
 8.22119e-06 -7.83954e-07  1.62021e-19    0.0949263     0.995476 -1.90678e-05
   -0.431153    0.0411137 -6.55571e-18    0.0409922     0.429879     0.999992
dot q: [0.459982, 0.044254, 0.157946, -0.202235, -2.5e-05, -0.126564]
STEP 44
Posizione end effector iniziale:  1.14986 -2.43504  6.49852
det = 38.0615

J inversa
    0.426126   -0.0327357            0   -0.0326375    -0.424848  8.72138e-06
   0.0275733   -0.0583919    -0.234485     0.174884   -0.0453975  8.28649e-07
    0.100808     -0.21348     0.238372    -0.449799   -0.0823022   1.9463e-06
   -0.128382     0.271872  -0.00388662      1.27198    0.0511043 -1.78331e-06
 8.72192e-06 -6.70031e-07 -2.54023e-18    0.0765952     0.997054 -2.04677e-05
   -0.426126    0.0327357 -7.69861e-18     0.032639     0.424868     0.999991
dot q: [0.452504, 0.04325, 0.161123, -0.204359, -1e-06, -0.115611]
STEP 45
Posizione end effector iniziale:  1.19192 -2.44509  6.49851
det = 38.6256

J inversa
    0.421015   -0.0246874  5.67579e-18   -0.0246133    -0.419751  8.37073e-06
    0.027201   -0.0558007    -0.234603     0.177871   -0.0408114  7.89443e-07
    0.103935    -0.213212     0.238033    -0.449485    -0.089731  1.84961e-06
   -0.131136     0.269013   -0.0034298       1.2699    0.0720055 -1.60741e-06
 8.38152e-06 -4.91474e-07 -9.19984e-19    0.0585368     0.998277 -1.99078e-05
   -0.421015    0.0246874 -3.86849e-19    0.0246145     0.419771     0.999992
dot q: [0.445042, 0.042158, 0.164324, -0.206468, -2e-06, -0.104922]
STEP 46
Posizione end effector iniziale:  1.23396 -2.45514  6.49849
det = 39.1967

J inversa
    0.415831   -0.0169625            0   -0.0169116    -0.414584    8.028e-06
   0.0267557   -0.0532349    -0.234712     0.180744    -0.036213  7.59932e-07
    0.107031    -0.212954     0.237698    -0.449104   -0.0970508  1.73589e-06
   -0.133787     0.266189  -0.00298568      1.26753    0.0925065 -1.38418e-06
 8.04547e-06 -3.28188e-07  2.04471e-18    0.0407575     0.999161 -1.93478e-05
   -0.415831    0.0169625  8.48457e-19    0.0169124     0.414603     0.999992
dot q: [0.437614, 0.041003, 0.16748, -0.208473, -1e-06, -0.09443]
STEP 47
Posizione end effector iniziale:    1.276 -2.46519  6.49848
det = 39.7742

J inversa
    0.410591  -0.00955392  1.40738e-18  -0.00952526    -0.409359   7.7586e-06
   0.0262402   -0.0506958    -0.234814     0.183508   -0.0316073  7.29971e-07
    0.110098    -0.212707     0.237369    -0.448662    -0.104262  1.65901e-06
   -0.136338     0.263403  -0.00255486      1.26488     0.112608 -1.23734e-06
 7.77984e-06 -1.81027e-07 -5.21627e-19    0.0232622     0.999722 -1.89478e-05
   -0.410591   0.00955392 -2.13602e-19    0.0095257     0.409378     0.999992
dot q: [0.430192, 0.03979, 0.170605, -0.210385, -2e-06, -0.084103]
STEP 48
Posizione end effector iniziale:  1.31803 -2.47524  6.49846
det = 40.3579

J inversa
    0.405306   -0.0024549 -3.50416e-19  -0.00244754     -0.40409  7.49516e-06
   0.0256574   -0.0481847    -0.234907     0.186163   -0.0269987  7.09331e-07
    0.113137     -0.21247     0.237045    -0.448163    -0.111366  1.56479e-06
   -0.138795     0.260655  -0.00213788      1.26198     0.132309 -1.04248e-06
 7.51758e-06 -4.55334e-08 -1.88036e-19   0.00605676     0.999974 -1.85478e-05
   -0.405306    0.0024549 -7.59891e-20   0.00244765     0.404108     0.999993
dot q: [0.422827, 0.038503, 0.173723, -0.212214, 0, -0.074052]
STEP 49
Posizione end effector iniziale:  1.36006 -2.48529  6.49844
det = 40.9474

J inversa
    0.399989   0.00434254  6.97997e-19   0.00432951    -0.398789  7.20571e-06
     0.02501   -0.0457023    -0.234992     0.188713   -0.0223912   6.7367e-07
     0.11615    -0.212246     0.236727    -0.447613    -0.118364  1.49781e-06
    -0.14116     0.257948  -0.00173542      1.25884     0.151612 -9.39844e-07
 7.22696e-06  7.84607e-08  3.03218e-19   -0.0108559     0.999934 -1.80678e-05
   -0.399989  -0.00434254  1.20933e-19  -0.00432971     0.398807     0.999993
dot q: [0.415508, 0.037168, 0.176799, -0.213956, -0, -0.064188]
STEP 50
Posizione end effector iniziale:  1.40208 -2.49533  6.49843
det = 41.5424

J inversa
    0.394651    0.0108464 -2.78075e-18    0.0108138    -0.393467  6.93862e-06
   0.0243008   -0.0432494    -0.235069      0.19116   -0.0177888   6.4079e-07
    0.119138    -0.212035     0.236417    -0.447018    -0.125256  1.43609e-06
   -0.143439     0.255284   -0.0013479      1.25548     0.170519 -8.45238e-07
 6.95687e-06  1.91199e-07  -2.0321e-20   -0.0274729     0.999616 -1.76278e-05
   -0.394651   -0.0108464 -7.99906e-21   -0.0108143     0.393484     0.999993
dot q: [0.408265, 0.035769, 0.179874, -0.215631, -1e-06, -0.054522]
STEP 51
Posizione end effector iniziale:   1.4441 -2.50538  6.49842
det = 42.1425

J inversa
    0.389301    0.0170651 -2.76959e-18    0.0170139    -0.388133  6.66207e-06
   0.0235322   -0.0408266    -0.235138     0.193508   -0.0131946  6.16463e-07
    0.122102    -0.211837     0.236114    -0.446382    -0.132046  1.35247e-06
   -0.145635     0.252664 -0.000975899      1.25191     0.189034 -6.97291e-07
 6.67571e-06  2.92631e-07 -2.84272e-19   -0.0437929     0.999034 -1.71478e-05
   -0.389301   -0.0170651 -3.38719e-18   -0.0170147     0.388151     0.999993
dot q: [0.401068, 0.034319, 0.182922, -0.21723, -1e-06, -0.045067]
STEP 52
Posizione end effector iniziale:  1.48612 -2.51543  6.49841
det = 42.7474

J inversa
    0.383951    0.0230069            0    0.0229379    -0.382799  6.40725e-06
   0.0227067   -0.0384343      -0.2352      0.19576  -0.00861199    5.949e-07
    0.125045    -0.211654     0.235819     -0.44571    -0.138733  1.27391e-06
   -0.147752     0.250088 -0.000619857      1.24816      0.20716 -5.57165e-07
 6.41502e-06  3.84397e-07  3.65261e-19   -0.0598138     0.998203 -1.67078e-05
   -0.383951   -0.0230069  1.40079e-19   -0.0229389     0.382816     0.999994
dot q: [0.393956, 0.032825, 0.185934, -0.218748, -2e-06, -0.035834]
STEP 53
Posizione end effector iniziale:  1.52813 -2.52548  6.49839
det = 43.3568

J inversa
    0.378608    0.0286805            0    0.0285944    -0.377472  6.15827e-06
   0.0218269   -0.0360729    -0.235253     0.197917  -0.00404397  5.83022e-07
    0.127966    -0.211486     0.235534    -0.445008    -0.145321  1.17768e-06
   -0.149794     0.247559 -0.000280136      1.24423     0.224901  -3.6906e-07
 6.15916e-06  4.66572e-07  1.28718e-18   -0.0755356     0.997137 -1.62678e-05
   -0.378608   -0.0286805  4.86319e-19   -0.0285957     0.377488     0.999994
dot q: [0.386926, 0.031273, 0.188955, -0.22022, -1e-06, -0.026758]
STEP 54
Posizione end effector iniziale:  1.57014 -2.53553  6.49838
det = 43.9703

J inversa
    0.373279    0.0340945  5.47333e-18    0.0339923     -0.37216  5.95988e-06
   0.0208949   -0.0337425      -0.2353     0.199985  0.000506985  5.67235e-07
    0.130869    -0.211334     0.235257    -0.444279    -0.151811  1.11338e-06
   -0.151764     0.245076  4.27599e-05      1.24015     0.242264 -2.48971e-07
 5.95303e-06  5.43737e-07  1.51843e-18   -0.0909587     0.995849 -1.59478e-05
   -0.373279   -0.0340945 -5.96222e-18   -0.0339937     0.372175     0.999994
dot q: [0.380001, 0.029677, 0.191966, -0.221683, -1.8e-05, -0.018007]
STEP 55
Posizione end effector iniziale:  1.61214 -2.54557  6.49837
det = 44.5876

J inversa
    0.367973     0.039258            0    0.0391403    -0.366869  6.47433e-06
   0.0199129   -0.0314429    -0.235339     0.201965   0.00503899  7.21306e-07
    0.133753    -0.211198     0.234991    -0.443528    -0.158207  9.49834e-07
   -0.153667      0.24264  0.000348472      1.23592     0.259254  4.80495e-07
 6.45716e-06  6.88897e-07  3.78686e-18    -0.106085     0.994351 -1.75478e-05
   -0.367973    -0.039258 -5.12749e-18   -0.0391421     0.366887     0.999994
dot q: [0.373131, 0.028045, 0.194928, -0.222959, -4e-06, -0.009297]
STEP 56
Posizione end effector iniziale:  1.65415 -2.55563  6.49836
det = 45.2083

J inversa
    0.362696    0.0441791  1.08606e-17    0.0440466    -0.361608  6.18837e-06
   0.0188831   -0.0291746    -0.235372     0.203862   0.00954896  7.28188e-07
    0.136622    -0.211079     0.234735    -0.442759     -0.16451  8.02738e-07
   -0.155506     0.240253  0.000636725      1.23156     0.275876  7.80708e-07
 6.16145e-06  7.50511e-07 -1.84284e-18    -0.120913     0.992657 -1.69878e-05
   -0.362696   -0.0441791 -1.37062e-17   -0.0440486     0.361625     0.999994
dot q: [0.366375, 0.02637, 0.197899, -0.224256, -0, -0.000883]
STEP 57
Posizione end effector iniziale:  1.69614 -2.56568  6.49835
det = 45.8321

J inversa
    0.357454    0.0488667            0    0.0487201    -0.356381  5.92345e-06
   0.0178076   -0.0269371    -0.235398     0.205677    0.0140355  7.05233e-07
    0.139475    -0.210977     0.234491    -0.441977    -0.170723  7.33956e-07
   -0.157283     0.237914  0.000907175      1.22708     0.292136  8.72446e-07
 5.88652e-06  8.04732e-07  1.20848e-18    -0.135447     0.990779 -1.64678e-05
   -0.357454   -0.0488667  4.28413e-19   -0.0487223     0.356398     0.999994
dot q: [0.359722, 0.02466, 0.200846, -0.225493, -0, 0.007308]
STEP 58
Posizione end effector iniziale:  1.73814 -2.57572  6.49834
det = 46.4587

J inversa
    0.352251    0.0533292 -1.07759e-17    0.0531692    -0.351195  5.66465e-06
   0.0166881   -0.0247302    -0.235418     0.207415     0.018497  6.83954e-07
    0.142314    -0.210893     0.234259    -0.441185    -0.176849  6.65809e-07
   -0.159003     0.235624   0.00115956       1.2225     0.308042  9.61872e-07
 5.61768e-06   8.5049e-07 -4.31493e-18    -0.149689     0.988727 -1.59478e-05
   -0.352251   -0.0533292  1.14793e-17   -0.0531716      0.35121     0.999994
dot q: [0.35315, 0.022898, 0.203817, -0.226717, 4.7e-05, 0.01542]
STEP 59
Posizione end effector iniziale:  1.78013 -2.58577  6.49833
det = 47.0876

J inversa
    0.347093    0.0575748            0    0.0574021    -0.346052  5.62229e-06
   0.0155266   -0.0225536    -0.235432      0.20908    0.0229315  2.76442e-07
    0.145141    -0.210829     0.234039    -0.440388    -0.182889  1.53631e-06
   -0.160668     0.233382   0.00139343      1.21783     0.323599 -1.38111e-06
 5.56319e-06  9.22805e-07 -6.68488e-19     -0.16364     0.986514 -1.60278e-05
   -0.347093   -0.0575748 -2.34505e-19   -0.0574047     0.346068     0.999994
dot q: [0.346732, 0.021119, 0.206752, -0.227861, -7e-06, 0.023213]
STEP 60
Posizione end effector iniziale:  1.82213 -2.59582  6.49833
det = 47.7186

J inversa
    0.341984    0.0616125  1.06924e-17    0.0614277    -0.340958  5.41426e-06
   0.0143245    -0.020407    -0.235441     0.210673    0.0273394  3.14275e-07
    0.147958    -0.210783     0.233832    -0.439587     -0.18885   1.3548e-06
   -0.162283      0.23119   0.00160872      1.21307     0.338818 -9.57427e-07
 5.34451e-06  9.62875e-07 -4.90788e-18    -0.177306      0.98415 -1.56278e-05
   -0.341984   -0.0616125  -2.7661e-17   -0.0614304     0.340974     0.999995
dot q: [0.340381, 0.01929, 0.209694, -0.228974, -7e-06, 0.030884]
STEP 61
Posizione end effector iniziale:  1.86412 -2.60586  6.49832
det = 48.3512

J inversa
    0.336928    0.0654497  1.06512e-17    0.0652534    -0.335917  5.21094e-06
   0.0130837     -0.01829    -0.235444     0.212199    0.0317187  3.54603e-07
    0.150766    -0.210757     0.233639    -0.438789    -0.194733  1.17284e-06
    -0.16385     0.229047   0.00180499      1.20824     0.353704 -5.35795e-07
 5.13071e-06  9.96664e-07  1.64987e-18    -0.190689     0.981645 -1.52278e-05
   -0.336928   -0.0654497 -1.23799e-17   -0.0652563     0.335932     0.999995
dot q: [0.334147, 0.017438, 0.212635, -0.230063, -7e-06, 0.038383]
STEP 62
Posizione end effector iniziale:   1.9061 -2.61591  6.49831
det = 48.9852

J inversa
    0.331928    0.0690945 -2.12206e-17    0.0688873    -0.330932  5.01222e-06
   0.0118055   -0.0162019    -0.235443     0.213661    0.0360686  3.97393e-07
    0.153565    -0.210752     0.233461    -0.437995     -0.20054  9.90384e-07
   -0.165371     0.226953    0.0019821      1.20335     0.368265 -1.16134e-07
  4.9218e-06  1.02453e-06 -5.34565e-20    -0.203792     0.979009 -1.48278e-05
   -0.331928   -0.0690945  2.59013e-17   -0.0688903     0.330946     0.999995
dot q: [0.328024, 0.015557, 0.215557, -0.231103, -5e-06, 0.045649]
STEP 63
Posizione end effector iniziale:  1.94809 -2.62596  6.49831
det = 49.62

J inversa
    0.326986    0.0725547            0     0.072337    -0.326005  4.80462e-06
   0.0104914   -0.0141423    -0.235437     0.215061    0.0403887  4.24828e-07
    0.156359    -0.210767     0.233297    -0.437209    -0.206275  8.40849e-07
   -0.166851     0.224909   0.00213984       1.1984     0.382508  2.05965e-07
 4.70465e-06  1.04391e-06  3.70459e-19     -0.21662     0.976251 -1.43879e-05
   -0.326986   -0.0725547  9.40185e-20   -0.0723401     0.326019     0.999995
dot q: [0.322016, 0.013637, 0.218506, -0.232133, -4e-06, 0.052774]
STEP 64
Posizione end effector iniziale:  1.99008 -2.63601   6.4983
det = 50.2555

J inversa
    0.322105    0.0758376  2.10588e-17    0.0756101    -0.321139  4.61489e-06
  0.00914279   -0.0121105    -0.235427     0.216403    0.0446785  4.45802e-07
    0.159148    -0.210803     0.233149    -0.436434    -0.211943  7.14244e-07
   -0.168291     0.222914   0.00227789      1.19342     0.396442  4.71596e-07
 4.50558e-06  1.06081e-06 -8.54826e-18    -0.229176      0.97338 -1.39879e-05
   -0.322105   -0.0758376 -2.85199e-18   -0.0756133     0.321153     0.999995
dot q: [0.316109, 0.01169, 0.221449, -0.233179, -1.7e-05, 0.059758]
STEP 65
Posizione end effector iniziale:  2.03206 -2.64606   6.4983
det = 50.8912

J inversa
    0.317288    0.0789506            0    0.0787138    -0.316336  5.08139e-06
  0.00776075    -0.010106    -0.235414     0.217691     0.048938  5.94759e-07
    0.161933    -0.210862     0.233018    -0.435673    -0.217545  5.52117e-07
   -0.169694     0.220968   0.00239604      1.18839     0.410074  1.16476e-06
 4.94586e-06  1.23068e-06 -6.31309e-18    -0.241465     0.970404 -1.55878e-05
   -0.317288   -0.0789506  2.38454e-17   -0.0787175     0.316351     0.999995
dot q: [0.310314, 0.009724, 0.224367, -0.234076, -7e-06, 0.066447]
STEP 66
Posizione end effector iniziale: 2.07405 -2.6561 6.49829
det = 51.5266

J inversa
    0.312536    0.0819008            0    0.0816551    -0.311599  4.82791e-06
  0.00634666   -0.0081281    -0.235398     0.218926    0.0531665  6.44717e-07
    0.164716    -0.210943     0.232904     -0.43493    -0.223085  3.45001e-07
   -0.171064     0.219071   0.00249416      1.18334     0.423412  1.60192e-06
 4.68427e-06  1.22752e-06  1.67786e-18    -0.253492     0.967333 -1.49878e-05
   -0.312536   -0.0819008  1.35385e-17   -0.0816589     0.311613     0.999995
dot q: [0.304628, 0.007726, 0.227318, -0.23503, -7e-06, 0.073096]
STEP 67
Posizione end effector iniziale:  2.11603 -2.66615  6.49829
det = 52.1614

J inversa
    0.307851    0.0846949  2.08207e-17    0.0844408    -0.306928  4.59286e-06
   0.0049014    -0.006176    -0.235379     0.220112    0.0573644  6.97541e-07
      0.1675    -0.211047     0.232807    -0.434207    -0.228567  1.41503e-07
   -0.172402     0.217222   0.00257198      1.17827     0.436464  2.03259e-06
 4.44165e-06  1.22197e-06 -3.97199e-18     -0.26526     0.964172 -1.44279e-05
   -0.307851   -0.0846949  -2.7147e-17   -0.0844446     0.306942     0.999995
dot q: [0.299058, 0.00571, 0.230255, -0.23595, -7e-06, 0.079585]
STEP 68
Posizione end effector iniziale: 2.15801 -2.6762 6.49829
det = 52.7952

J inversa
    0.303234    0.0873397  2.07425e-17    0.0870777    -0.302324  4.35047e-06
  0.00342601  -0.00424904    -0.235358     0.221252    0.0615319  7.52907e-07
    0.170284    -0.211174     0.232729    -0.433507    -0.233995 -6.68733e-08
   -0.173711     0.215423   0.00262939      1.17319     0.449239   2.4656e-06
  4.1931e-06  1.20773e-06 -7.70928e-18    -0.276774      0.96093 -1.38279e-05
   -0.303234   -0.0873397 -2.83367e-17   -0.0870815     0.302338     0.999996
dot q: [0.293603, 0.003656, 0.233231, -0.236873, -8e-06, 0.085768]
STEP 69
Posizione end effector iniziale:  2.19999 -2.68625  6.49828
det = 53.4276

J inversa
    0.298686    0.0898415            0     0.089572     -0.29779  4.12592e-06
  0.00192126  -0.00234629    -0.235336      0.22235    0.0656694  8.20259e-07
    0.173072    -0.211326      0.23267    -0.432832    -0.239371 -2.91129e-07
   -0.174994     0.213672   0.00266602       1.1681     0.461744   2.9425e-06
 3.96294e-06  1.19201e-06 -7.68303e-18     -0.28804     0.957614 -1.32679e-05
   -0.298686   -0.0898415  -2.3893e-18   -0.0895758     0.297803     0.999996
dot q: [0.288242, 0.001589, 0.236177, -0.237755, -2e-06, 0.091979]
STEP 70
Posizione end effector iniziale: 2.24197 -2.6963 6.49828
det = 54.0581

J inversa
    0.294208    0.0922066 -4.11758e-17      0.09193    -0.293325  3.94322e-06
 0.000388141 -0.000467169    -0.235313     0.223407     0.069777  8.34203e-07
    0.175864    -0.211503     0.232631    -0.432186      -0.2447 -3.87325e-07
   -0.176253     0.211969   0.00268178      1.16301     0.473987  3.10476e-06
 3.77407e-06  1.18282e-06  6.20747e-19    -0.299062      0.95423 -1.28279e-05
   -0.294208   -0.0922066  1.53605e-19   -0.0919338     0.293337     0.999996
dot q: [0.282996, -0.000511, 0.239165, -0.238642, -2e-06, 0.097881]
STEP 71
Posizione end effector iniziale:  2.28395 -2.70635  6.49828
det = 54.6864

J inversa
      0.2898    0.0944408  4.10229e-17    0.0941575     -0.28893  3.75235e-06
 -0.00117279   0.00138932    -0.235289     0.224427    0.0738556  8.49596e-07
    0.178662    -0.211705     0.232613    -0.431571    -0.249985 -4.87761e-07
   -0.177491     0.210315   0.00267636      1.15793     0.485976   3.2698e-06
 3.57842e-06  1.16615e-06 -2.68019e-18    -0.309844     0.950783 -1.23479e-05
     -0.2898   -0.0944408 -8.51648e-19   -0.0941613     0.288942     0.999996
dot q: [0.277854, -0.00263, 0.242166, -0.239523, -2e-06, 0.103775]
STEP 72
Posizione end effector iniziale: 2.32592 -2.7164 6.49827
det = 55.312

J inversa
    0.285462    0.0965499 -2.04356e-17    0.0962602    -0.284606  3.55363e-06
 -0.00276093   0.00322406    -0.235266     0.225412    0.0779058  8.66519e-07
    0.181468    -0.211933     0.232616    -0.430989     -0.25523 -5.92441e-07
   -0.178709     0.208708   0.00264958      1.15286     0.497718  3.43756e-06
 3.37643e-06  1.14198e-06  1.84837e-18    -0.320392     0.947281 -1.18279e-05
   -0.285462   -0.0965499  2.64545e-17    -0.096264     0.284617     0.999996
dot q: [0.272832, -0.004765, 0.245166, -0.240391, 0, 0.109395]
STEP 73
Posizione end effector iniziale:   2.3679 -2.72644  6.49827
det = 55.9344

J inversa
    0.281196    0.0985395  2.03603e-17    0.0982439    -0.280352  3.39487e-06
 -0.00437568   0.00503786    -0.235243     0.226365    0.0819285  8.65402e-07
    0.184284    -0.212188     0.232642    -0.430444    -0.260439 -6.45436e-07
    -0.17991      0.20715   0.00260127      1.14781     0.509223  3.49167e-06
 3.21349e-06   1.1261e-06  6.03684e-18    -0.330711     0.943729 -1.14279e-05
   -0.281196   -0.0985395  1.79343e-18   -0.0982477     0.280363     0.999997
dot q: [0.267896, -0.006934, 0.248195, -0.241251, -0, 0.11493]
STEP 74
Posizione end effector iniziale:  2.40988 -2.73649  6.49827
det = 56.5533

J inversa
    0.277001     0.100415 -2.02855e-17     0.100114     -0.27617  3.23951e-06
 -0.00601657   0.00683164    -0.235222      0.22729    0.0859245  8.65203e-07
    0.187111     -0.21247     0.232691    -0.429936    -0.265615  -6.9827e-07
   -0.181096     0.205638   0.00253108      1.14278     0.520497   3.5447e-06
 3.05474e-06  1.10737e-06  6.31989e-18    -0.340804     0.940131 -1.10279e-05
   -0.277001    -0.100415 -2.40124e-17    -0.100117      0.27618     0.999997
dot q: [0.263068, -0.009114, 0.251245, -0.24212, -0, 0.120337]
STEP 75
Posizione end effector iniziale:  2.45185 -2.74654  6.49827
det = 57.1681

J inversa
    0.272876     0.102181            0     0.101874    -0.272057  3.07585e-06
 -0.00768331   0.00860641    -0.235202     0.228187     0.089895  8.66068e-07
    0.189952    -0.212781     0.232763     -0.42947    -0.270763 -7.55085e-07
   -0.182269     0.204175   0.00243886      1.13778     0.531548  3.60065e-06
 2.88919e-06  1.08188e-06 -8.42711e-18    -0.350678     0.936493 -1.05879e-05
   -0.272876    -0.102181 -2.83578e-17    -0.101878     0.272067     0.999997
dot q: [0.258335, -0.011341, 0.254341, -0.243049, 3.6e-05, 0.125618]
STEP 76
Posizione end effector iniziale:  2.49383 -2.75658  6.49827
det = 57.7783

J inversa
    0.268822     0.103843 -4.02753e-17     0.103531    -0.268015  3.60523e-06
 -0.00937553    0.0103632    -0.235185     0.229062    0.0938407  4.99506e-07
    0.192807    -0.213122     0.232861    -0.429048    -0.275886  1.54301e-07
   -0.183432     0.202758    0.0023241      1.13281     0.542383  1.61783e-06
 3.37316e-06  1.30301e-06  1.48667e-17    -0.360336     0.932819 -1.25479e-05
   -0.268822    -0.103843  3.01889e-17    -0.103536     0.268027     0.999996
dot q: [0.253731, -0.013555, 0.257418, -0.24385, -8e-06, 0.130743]
STEP 77
Posizione end effector iniziale:  2.53581 -2.76664  6.49827
det = 58.3835

J inversa
    0.264838     0.105405  2.00645e-17     0.105089    -0.264044  3.41819e-06
  -0.0110932    0.0121027    -0.235171     0.229915    0.0977637  5.77378e-07
     0.19568    -0.213492     0.232984    -0.428671    -0.280989  -6.7981e-08
   -0.184587     0.201389   0.00218687      1.12787     0.553012  2.08224e-06
 3.18545e-06   1.2678e-06 -6.04377e-18    -0.369785     0.929114 -1.20279e-05
   -0.264838    -0.105405 -2.76448e-17    -0.105093     0.264055     0.999997
dot q: [0.249201, -0.015801, 0.260518, -0.244705, -8e-06, 0.13574]
STEP 78
Posizione end effector iniziale:  2.57778 -2.77668  6.49827
det = 58.9832

J inversa
    0.260924     0.106872            0     0.106552    -0.260142  3.24632e-06
  -0.0128359     0.013826    -0.235161     0.230749     0.101665  6.57496e-07
    0.198571    -0.213893     0.233135    -0.428342    -0.286076 -2.87609e-07
   -0.185736     0.200066   0.00202677      1.12298     0.563441  2.54175e-06
 3.01313e-06  1.23415e-06 -8.52836e-18    -0.379028     0.925382 -1.15479e-05
   -0.260924    -0.106872  2.35418e-17    -0.106556     0.260152     0.999997
dot q: [0.244772, -0.018082, 0.263677, -0.245583, -8e-06, 0.140614]
STEP 79
Posizione end effector iniziale:  2.61976 -2.78673  6.49827
det = 59.5768

J inversa
     0.25708     0.108249  1.99198e-17     0.107924    -0.256309  3.07803e-06
  -0.0146038    0.0155342    -0.235156     0.231566     0.105545  7.40052e-07
    0.201484    -0.214325     0.233313    -0.428064     -0.29115 -5.08786e-07
   -0.186881     0.198791   0.00184335      1.11813     0.573677  3.00037e-06
 2.84534e-06  1.19809e-06  -1.5588e-17     -0.38807     0.921627 -1.10679e-05
    -0.25708    -0.108249 -4.33526e-18    -0.107928     0.256319     0.999997
dot q: [0.240435, -0.020373, 0.266856, -0.246472, -6e-06, 0.145355]
STEP 80
Posizione end effector iniziale:  2.66173 -2.79678  6.49827
det = 60.1638

J inversa
    0.253304     0.109539  3.96966e-17      0.10921    -0.252544  2.92423e-06
  -0.0163968    0.0172284    -0.235156      0.23237     0.109407  8.04178e-07
     0.20442    -0.214791      0.23352     -0.42784    -0.296217 -6.86709e-07
   -0.188024     0.197562    0.0016364      1.11332     0.583728  3.35417e-06
  2.6921e-06  1.16417e-06  1.63205e-17    -0.396916     0.917852 -1.06279e-05
   -0.253304    -0.109539 -2.14806e-17    -0.109214     0.252554     0.999997
dot q: [0.236196, -0.022698, 0.270067, -0.247358, -6e-06, 0.15001]
STEP 81
Posizione end effector iniziale:   2.7037 -2.80682  6.49827
det = 60.7436

J inversa
    0.249596     0.110746  1.97772e-17     0.110414    -0.248848  2.77359e-06
  -0.0182152    0.0189095    -0.235162     0.233163     0.113251    8.703e-07
    0.207381     -0.21529     0.233757    -0.427671     -0.30128 -8.65939e-07
   -0.189167      0.19638   0.00140543      1.10857       0.5936  3.70728e-06
 2.54287e-06  1.12827e-06  -7.7793e-18     -0.40557     0.914061 -1.01879e-05
   -0.249596    -0.110746 -2.80702e-17    -0.110418     0.248857     0.999997
dot q: [0.232053, -0.025042, 0.273333, -0.24828, -6e-06, 0.154533]
STEP 82
Posizione end effector iniziale:  2.74568 -2.81687  6.49827
det = 61.3159

J inversa
    0.245956     0.111875 -1.97067e-17     0.111539    -0.245218  2.62603e-06
  -0.0200592    0.0205789    -0.235175     0.233947      0.11708  9.38416e-07
     0.21037    -0.215824     0.234025     -0.42756    -0.306344 -1.04656e-06
   -0.190312     0.195244   0.00115009      1.10387     0.603303  4.05979e-06
 2.39756e-06  1.09055e-06 -1.04614e-17    -0.414036     0.910257  -9.7479e-06
   -0.245956    -0.111875  2.31637e-17    -0.111543     0.245227     0.999997
dot q: [0.227987, -0.0274, 0.2766, -0.249189, -6e-06, 0.158959]
STEP 83
Posizione end effector iniziale:  2.78766 -2.82691  6.49827
det = 61.8798

J inversa
    0.242382     0.112928            0     0.112589    -0.241655  2.48145e-06
  -0.0219289    0.0222373    -0.235196     0.234725     0.120895  1.00853e-06
    0.213389    -0.216394     0.234326     -0.42751    -0.311413 -1.22867e-06
   -0.191461     0.194156  0.000870063      1.09923     0.612841  4.41178e-06
 2.25607e-06  1.05112e-06 -2.14244e-17     -0.42232     0.906444  -9.3079e-06
   -0.242382    -0.112928 -5.68771e-18    -0.112593     0.241663     0.999998
dot q: [0.224018, -0.029797, 0.279936, -0.250127, -2e-06, 0.163217]
STEP 84
Posizione end effector iniziale:  2.82963 -2.83696  6.49827
det = 62.4348

J inversa
    0.238874      0.11391  1.95671e-17     0.113568    -0.238157  2.32924e-06
  -0.0238248    0.0238861    -0.235225     0.235499     0.124698  1.03849e-06
    0.216441    -0.217001      0.23466    -0.427524    -0.316493 -1.33289e-06
   -0.192617     0.193114  0.000564732      1.09465     0.622223  4.56604e-06
 2.10876e-06  1.00559e-06  5.55393e-18    -0.430426     0.902623  -8.8279e-06
   -0.238874     -0.11391  -2.4587e-17    -0.113572     0.238165     0.999998
dot q: [0.220129, -0.03221, 0.283312, -0.251089, -3e-06, 0.167451]
STEP 85
Posizione end effector iniziale:  2.8716  -2.847 6.49827
det = 62.9804

J inversa
    0.235431     0.114823            0     0.114478    -0.234724  2.16964e-06
  -0.0257474    0.0255265    -0.235263     0.236271     0.128492  1.08097e-06
    0.219528    -0.217646     0.235029    -0.427603    -0.321588 -1.46285e-06
   -0.193781     0.192119  0.000233701      1.09013     0.631455  4.77352e-06
 1.95594e-06  9.53939e-07  4.82367e-18    -0.438357     0.898799  -8.3079e-06
   -0.235431    -0.114823  1.25976e-18    -0.114482     0.234732     0.999998
dot q: [0.216342, -0.034672, 0.286772, -0.252137, -1.3e-05, 0.171582]
STEP 86
Posizione end effector iniziale:  2.91358 -2.85704  6.49827
det = 63.5159

J inversa
    0.232051     0.115671            0     0.115324    -0.231355  2.53022e-06
  -0.0276975    0.0271597    -0.235312     0.237045     0.132278  1.20818e-06
    0.222653    -0.218332     0.235436    -0.427753    -0.326703  -1.6021e-06
   -0.194957     0.191172 -0.000123804      1.08568     0.640545  5.30556e-06
  2.2713e-06  1.13218e-06  -1.2069e-17    -0.446118     0.894971  -9.7879e-06
   -0.232051    -0.115671  4.91503e-17    -0.115328     0.231364     0.999997
dot q: [0.212612, -0.037128, 0.290218, -0.253075, -8e-06, 0.175537]
STEP 87
Posizione end effector iniziale:  2.95555 -2.86709  6.49827
det = 64.0406

J inversa
    0.228735     0.116457            0     0.116107    -0.228048  2.35123e-06
  -0.0296755    0.0287868    -0.235371     0.237823     0.136059  1.30912e-06
    0.225819    -0.219059     0.235879    -0.427974    -0.331843    -1.85e-06
   -0.196144     0.190272 -0.000508022       1.0813     0.649499  5.77252e-06
  2.1016e-06     1.07e-06  5.91834e-18    -0.453713     0.891145  -9.1879e-06
   -0.228735    -0.116457 -5.08612e-17    -0.116112     0.228057     0.999998
dot q: [0.20898, -0.039619, 0.293734, -0.254101, -6e-06, 0.179462]
STEP 88
Posizione end effector iniziale:  2.99753 -2.87713  6.49828
det = 64.5538

J inversa
     0.22548     0.117183  7.40759e-17     0.116832    -0.224804  2.18589e-06
  -0.0316822    0.0304092    -0.235443     0.238606     0.139837   1.3901e-06
    0.229029    -0.219829     0.236363     -0.42827    -0.337013 -2.05355e-06
   -0.197348     0.189419 -0.000919647      1.07699     0.658325  6.13509e-06
 1.94543e-06  1.01105e-06 -4.08775e-18    -0.461146     0.887322  -8.6279e-06
    -0.22548    -0.117183 -1.06002e-16    -0.116836     0.224811     0.999998
dot q: [0.205424, -0.042152, 0.297331, -0.255164, -6e-06, 0.183236]
STEP 89
Posizione end effector iniziale:   3.0395 -2.88718  6.49828
det = 65.0549

J inversa
    0.222287     0.117854            0       0.1175     -0.22162  2.01374e-06
  -0.0337186    0.0320283    -0.235528     0.239399     0.143615  1.47394e-06
    0.232285    -0.220644     0.236888    -0.428644     -0.34222 -2.26328e-06
   -0.198568     0.188615  -0.00135949      1.07275     0.667029  6.50098e-06
  1.7845e-06   9.4612e-07  2.10737e-18    -0.468422     0.883503 -8.02791e-06
   -0.222287    -0.117854  6.04101e-19    -0.117504     0.221627     0.999998
dot q: [0.20194, -0.044705, 0.300977, -0.256258, -6e-06, 0.186972]
STEP 90
Posizione end effector iniziale:  3.08148 -2.89722  6.49828
det = 65.5432

J inversa
    0.219153      0.11847  7.20578e-17     0.118115    -0.218496  1.85486e-06
  -0.0357856    0.0336453    -0.235627     0.240203     0.147395  1.55951e-06
    0.235593    -0.221505     0.237456      -0.4291    -0.347469 -2.47122e-06
   -0.199808     0.187859  -0.00182818      1.06859     0.675619  6.86335e-06
 1.63662e-06  8.84724e-07  2.95706e-18    -0.475543      0.87969 -7.46791e-06
   -0.219153     -0.11847 -5.19912e-17    -0.118118     0.218502     0.999998
dot q: [0.198543, -0.047302, 0.3047, -0.257385, -3e-06, 0.190585]
STEP 91
Posizione end effector iniziale:  3.12345 -2.90726  6.49828
det = 66.0179

J inversa
    0.216079     0.119035            0     0.118678    -0.215431  1.70889e-06
  -0.0378845    0.0352618    -0.235742      0.24102     0.151181  1.61267e-06
    0.238954    -0.222414     0.238068    -0.429641    -0.352765 -2.61193e-06
   -0.201071     0.187151  -0.00232663      1.06451     0.684101   7.0709e-06
  1.5013e-06  8.27046e-07  1.50043e-17    -0.482515     0.875886 -6.94791e-06
   -0.216079    -0.119035  3.56136e-18    -0.118681     0.215437     0.999998
dot q: [0.195194, -0.049928, 0.308482, -0.258552, 4.6e-05, 0.194109]
STEP 92
Posizione end effector iniziale:  3.16542 -2.91731  6.49828
det = 66.4783

J inversa
    0.213062     0.119551  7.01468e-17     0.119193    -0.212423  1.67288e-06
  -0.0400162    0.0368792    -0.235873     0.241855     0.154973  1.09805e-06
    0.242372    -0.223374     0.238728    -0.430272    -0.358115 -1.63054e-06
   -0.202357     0.186494  -0.00285565      1.06051     0.692482  4.76413e-06
  1.4633e-06  8.21068e-07  6.05172e-18    -0.489338     0.872092 -6.86791e-06
   -0.213062    -0.119551 -5.15343e-17    -0.119196     0.212429     0.999998
dot q: [0.191948, -0.052582, 0.312346, -0.259754, -4e-06, 0.19757]
STEP 93
Posizione end effector iniziale:   3.2074 -2.92735  6.49828
det = 66.9234

J inversa
    0.210103     0.120021            0     0.119661    -0.209473  1.56033e-06
  -0.0421827    0.0384991    -0.236022     0.242709     0.158778  1.15834e-06
    0.245853    -0.224386     0.239438    -0.430994    -0.363526 -1.77651e-06
   -0.203671     0.185886  -0.00341611       1.0566      0.70077  5.00981e-06
 1.35893e-06  7.76285e-07  1.44979e-17     -0.49602     0.868309 -6.46791e-06
   -0.210103    -0.120021  3.68723e-18    -0.119664     0.209478     0.999998
dot q: [0.188764, -0.055285, 0.316288, -0.260995, -5e-06, 0.200931]
STEP 94
Posizione end effector iniziale:  3.24937 -2.93738  6.49828
det = 67.3526

J inversa
    0.207199     0.120446 -6.83346e-17     0.120085    -0.206578  1.46901e-06
   -0.044385     0.040123    -0.236189     0.243586     0.162597  1.23055e-06
      0.2494    -0.225453     0.240199    -0.431814    -0.369005 -1.93854e-06
   -0.205015     0.185329  -0.00400914      1.05277     0.708971  5.29964e-06
 1.27384e-06  7.40494e-07  9.37336e-19    -0.502562     0.864539 -6.14791e-06
   -0.207199    -0.120446  2.23978e-19    -0.120088     0.206583     0.999999
dot q: [0.185647, -0.058016, 0.320323, -0.262297, -5e-06, 0.204263]
STEP 95
Posizione end effector iniziale:  3.29135 -2.94742  6.49828
det = 67.765

J inversa
     0.20435     0.120829  3.37316e-17     0.120467    -0.203737  1.36046e-06
  -0.0466252    0.0417528    -0.236378     0.244488     0.166435  1.30609e-06
    0.253016    -0.226577     0.241013    -0.432735    -0.374558 -2.11108e-06
   -0.206392     0.184824  -0.00463573      1.04903     0.717093  5.59664e-06
 1.17459e-06  6.94517e-07  5.22658e-18    -0.508968     0.860784 -5.74791e-06
    -0.20435    -0.120829 -5.20213e-17     -0.12047     0.203742     0.999999
dot q: [0.182596, -0.060816, 0.324462, -0.263687, -1.6e-05, 0.207451]
STEP 96
Posizione end effector iniziale:  3.33332 -2.95746  6.49828
det = 68.1597

J inversa
    0.201555     0.121172            0     0.120809    -0.200951  1.73224e-06
   -0.048905    0.0433902    -0.236588     0.245418     0.170294  1.47499e-06
    0.256709    -0.227762     0.241885    -0.433762    -0.380195 -2.32709e-06
   -0.207805     0.184371  -0.00529737      1.04539     0.725144  6.28374e-06
 1.48908e-06   8.9521e-07  1.37523e-17    -0.515241     0.857043 -7.38791e-06
   -0.201555    -0.121172  2.93053e-18    -0.120812     0.200957     0.999998
dot q: [0.179608, -0.063622, 0.328643, -0.265009, -8e-06, 0.210584]
STEP 97
Posizione end effector iniziale:  3.3753 -2.9675 6.49828
det = 68.5356

J inversa
    0.198813     0.121477            0     0.121112    -0.198217  1.60463e-06
  -0.0512263    0.0450368    -0.236821      0.24638     0.174179  1.59223e-06
    0.260481     -0.22901     0.242816      -0.4349    -0.385922  -2.5833e-06
   -0.209256     0.183972  -0.00599495      1.04184     0.733129  6.74271e-06
 1.37339e-06  8.39151e-07  1.18426e-17    -0.521385      0.85332 -6.90791e-06
   -0.198813    -0.121477 -5.08323e-17    -0.121116     0.198223     0.999998
dot q: [0.176685, -0.066485, 0.332957, -0.266459, -8e-06, 0.213654]
STEP 98
Posizione end effector iniziale:  3.41727 -2.97754  6.49827
det = 68.892

J inversa
    0.196123     0.121745 -3.24886e-17     0.121379    -0.195535  1.47015e-06
  -0.0535915    0.0466949     -0.23708     0.247377     0.178094  1.71326e-06
    0.264339    -0.230323      0.24381    -0.436154    -0.391747 -2.84768e-06
   -0.210749     0.183628     -0.00673      1.03839     0.741058  7.20606e-06
 1.25282e-06  7.77696e-07 -8.47461e-18    -0.527403     0.849614 -6.38791e-06
   -0.196123    -0.121745 -1.76365e-18    -0.121383      0.19554     0.999999
dot q: [0.173838, -0.069414, 0.337391, -0.267965, -8e-06, 0.216653]
STEP 99
Posizione end effector iniziale:  3.45924 -2.98757  6.49828
det = 69.2277

J inversa
    0.193484     0.121978            0     0.121612    -0.192903  1.34723e-06
  -0.0560029    0.0483664    -0.237366     0.248413     0.182044  1.83654e-06
    0.268289    -0.231707      0.24487    -0.437531    -0.397682 -3.11228e-06
   -0.212287      0.18334  -0.00750425      1.03504     0.748938  7.66738e-06
 1.14309e-06  7.20638e-07 -1.83399e-18    -0.533298     0.845926 -5.90791e-06
   -0.193484    -0.121978 -5.41655e-17    -0.121615     0.192908     0.999999
dot q: [0.171031, -0.072379, 0.341928, -0.269537, -8e-06, 0.219574]

Posizione end effector raggiunta:  3.50121 -2.99761  6.49827
CHECK COLLISIONI STEP 0
NO COLLISIONI

CHECK COLLISIONI STEP 1
NO COLLISIONI

CHECK COLLISIONI STEP 2
NO COLLISIONI

CHECK COLLISIONI STEP 3
NO COLLISIONI

CHECK COLLISIONI STEP 4
NO COLLISIONI

CHECK COLLISIONI STEP 5
NO COLLISIONI

CHECK COLLISIONI STEP 6
NO COLLISIONI

CHECK COLLISIONI STEP 7
NO COLLISIONI

CHECK COLLISIONI STEP 8
NO COLLISIONI

CHECK COLLISIONI STEP 9
NO COLLISIONI

CHECK COLLISIONI STEP 10
NO COLLISIONI

CHECK COLLISIONI STEP 11
NO COLLISIONI

CHECK COLLISIONI STEP 12
NO COLLISIONI

CHECK COLLISIONI STEP 13
NO COLLISIONI

CHECK COLLISIONI STEP 14
NO COLLISIONI

CHECK COLLISIONI STEP 15
NO COLLISIONI

CHECK COLLISIONI STEP 16
NO COLLISIONI

CHECK COLLISIONI STEP 17
NO COLLISIONI

CHECK COLLISIONI STEP 18
NO COLLISIONI

CHECK COLLISIONI STEP 19
NO COLLISIONI

CHECK COLLISIONI STEP 20
NO COLLISIONI

CHECK COLLISIONI STEP 21
NO COLLISIONI

CHECK COLLISIONI STEP 22
NO COLLISIONI

CHECK COLLISIONI STEP 23
NO COLLISIONI

CHECK COLLISIONI STEP 24
NO COLLISIONI

CHECK COLLISIONI STEP 25
NO COLLISIONI

CHECK COLLISIONI STEP 26
NO COLLISIONI

CHECK COLLISIONI STEP 27
NO COLLISIONI

CHECK COLLISIONI STEP 28
NO COLLISIONI

CHECK COLLISIONI STEP 29
NO COLLISIONI

CHECK COLLISIONI STEP 30
NO COLLISIONI

CHECK COLLISIONI STEP 31
NO COLLISIONI

CHECK COLLISIONI STEP 32
NO COLLISIONI

CHECK COLLISIONI STEP 33
NO COLLISIONI

CHECK COLLISIONI STEP 34
NO COLLISIONI

CHECK COLLISIONI STEP 35
NO COLLISIONI

CHECK COLLISIONI STEP 36
NO COLLISIONI

CHECK COLLISIONI STEP 37
NO COLLISIONI

CHECK COLLISIONI STEP 38
NO COLLISIONI

CHECK COLLISIONI STEP 39
NO COLLISIONI

CHECK COLLISIONI STEP 40
NO COLLISIONI

CHECK COLLISIONI STEP 41
NO COLLISIONI

CHECK COLLISIONI STEP 42
NO COLLISIONI

CHECK COLLISIONI STEP 43
NO COLLISIONI

CHECK COLLISIONI STEP 44
NO COLLISIONI

CHECK COLLISIONI STEP 45
NO COLLISIONI

CHECK COLLISIONI STEP 46
NO COLLISIONI

CHECK COLLISIONI STEP 47
NO COLLISIONI

CHECK COLLISIONI STEP 48
NO COLLISIONI

CHECK COLLISIONI STEP 49
NO COLLISIONI

CHECK COLLISIONI STEP 50
NO COLLISIONI

CHECK COLLISIONI STEP 51
NO COLLISIONI

CHECK COLLISIONI STEP 52
NO COLLISIONI

CHECK COLLISIONI STEP 53
NO COLLISIONI

CHECK COLLISIONI STEP 54
NO COLLISIONI

CHECK COLLISIONI STEP 55
NO COLLISIONI

CHECK COLLISIONI STEP 56
NO COLLISIONI

CHECK COLLISIONI STEP 57
NO COLLISIONI

CHECK COLLISIONI STEP 58
NO COLLISIONI

CHECK COLLISIONI STEP 59
NO COLLISIONI

CHECK COLLISIONI STEP 60
NO COLLISIONI

CHECK COLLISIONI STEP 61
NO COLLISIONI

CHECK COLLISIONI STEP 62
NO COLLISIONI

CHECK COLLISIONI STEP 63
NO COLLISIONI

CHECK COLLISIONI STEP 64
NO COLLISIONI

CHECK COLLISIONI STEP 65
NO COLLISIONI

CHECK COLLISIONI STEP 66
NO COLLISIONI

CHECK COLLISIONI STEP 67
NO COLLISIONI

CHECK COLLISIONI STEP 68
NO COLLISIONI

CHECK COLLISIONI STEP 69
NO COLLISIONI

CHECK COLLISIONI STEP 70
NO COLLISIONI

CHECK COLLISIONI STEP 71
NO COLLISIONI

CHECK COLLISIONI STEP 72
NO COLLISIONI

CHECK COLLISIONI STEP 73
NO COLLISIONI

CHECK COLLISIONI STEP 74
NO COLLISIONI

CHECK COLLISIONI STEP 75
NO COLLISIONI

CHECK COLLISIONI STEP 76
NO COLLISIONI

CHECK COLLISIONI STEP 77
NO COLLISIONI

CHECK COLLISIONI STEP 78
NO COLLISIONI

CHECK COLLISIONI STEP 79
NO COLLISIONI

CHECK COLLISIONI STEP 80
NO COLLISIONI

CHECK COLLISIONI STEP 81
NO COLLISIONI

CHECK COLLISIONI STEP 82
NO COLLISIONI

CHECK COLLISIONI STEP 83
NO COLLISIONI

CHECK COLLISIONI STEP 84
NO COLLISIONI

CHECK COLLISIONI STEP 85
NO COLLISIONI

CHECK COLLISIONI STEP 86
NO COLLISIONI

CHECK COLLISIONI STEP 87
NO COLLISIONI

CHECK COLLISIONI STEP 88
NO COLLISIONI

CHECK COLLISIONI STEP 89
NO COLLISIONI

CHECK COLLISIONI STEP 90
NO COLLISIONI

CHECK COLLISIONI STEP 91
NO COLLISIONI

CHECK COLLISIONI STEP 92
NO COLLISIONI

CHECK COLLISIONI STEP 93
NO COLLISIONI

CHECK COLLISIONI STEP 94
NO COLLISIONI

CHECK COLLISIONI STEP 95
NO COLLISIONI

CHECK COLLISIONI STEP 96
NO COLLISIONI

CHECK COLLISIONI STEP 97
NO COLLISIONI

CHECK COLLISIONI STEP 98
NO COLLISIONI

CHECK COLLISIONI STEP 99
NO COLLISIONI


MATRICE di q

0.551324 -0.0698643 -1.92091 -2.72164 -1.57081 4.16108 
0.572148 -0.0705254 -1.92199 -2.7199 -1.5708 4.12549 
0.593242 -0.0710296 -1.92281 -2.71857 -1.5708 4.09146 
0.614599 -0.0713817 -1.92337 -2.71766 -1.5708 4.05889 
0.636213 -0.0715851 -1.9237 -2.71713 -1.5708 4.02767 
0.658072 -0.0716444 -1.92378 -2.71698 -1.5708 3.99772 
0.680168 -0.0715631 -1.92364 -2.7172 -1.5708 3.96896 
0.702487 -0.0713447 -1.92328 -2.71778 -1.5708 3.94131 
0.725014 -0.070994 -1.9227 -2.71872 -1.5708 3.91472 
0.747732 -0.0705148 -1.92191 -2.71999 -1.5708 3.88911 
0.770625 -0.0699118 -1.92091 -2.72159 -1.5708 3.86444 
0.793672 -0.0691894 -1.91971 -2.72351 -1.5708 3.84065 
0.816855 -0.068352 -1.91831 -2.72575 -1.5708 3.81771 
0.840151 -0.0674052 -1.91671 -2.72829 -1.5708 3.79557 
0.86354 -0.0663534 -1.91492 -2.73113 -1.5708 3.7742 
0.886999 -0.0652023 -1.91295 -2.73426 -1.5708 3.75358 
0.910505 -0.0639571 -1.91078 -2.73767 -1.5708 3.73367 
0.934035 -0.062623 -1.90843 -2.74136 -1.5708 3.71445 
0.957566 -0.0612062 -1.9059 -2.7453 -1.5708 3.69591 
0.981078 -0.0597119 -1.90319 -2.74951 -1.5708 3.67802 
1.00455 -0.0581462 -1.90031 -2.75396 -1.5708 3.66077 
1.02795 -0.0565147 -1.89725 -2.75865 -1.5708 3.64414 
1.05127 -0.0548231 -1.89402 -2.76357 -1.5708 3.62813 
1.07448 -0.0530775 -1.89063 -2.76871 -1.5708 3.61271 
1.09756 -0.0512831 -1.88706 -2.77406 -1.5708 3.59789 
1.1205 -0.0494461 -1.88334 -2.77962 -1.5708 3.58365 
1.14328 -0.047572 -1.87945 -2.78538 -1.5708 3.56998 
1.16588 -0.0456659 -1.87541 -2.79133 -1.5708 3.55688 
1.18829 -0.043734 -1.87121 -2.79747 -1.5708 3.54433 
1.21049 -0.041781 -1.86686 -2.80377 -1.5708 3.53233 
1.23247 -0.0398125 -1.86235 -2.81025 -1.5708 3.52088 
1.25422 -0.0378334 -1.85769 -2.81688 -1.5708 3.50997 
1.27572 -0.0358485 -1.85289 -2.82367 -1.5708 3.49958 
1.29697 -0.0338625 -1.84794 -2.83061 -1.5708 3.48971 
1.31796 -0.0318799 -1.84284 -2.83769 -1.5708 3.48036 
1.33868 -0.0299056 -1.83761 -2.8449 -1.5708 3.47152 
1.35912 -0.0279435 -1.83223 -2.85224 -1.5708 3.46317 
1.37929 -0.0259976 -1.82671 -2.8597 -1.5708 3.45532 
1.39916 -0.0240721 -1.82106 -2.86728 -1.5708 3.44795 
1.41874 -0.0221707 -1.81527 -2.87497 -1.5708 3.44106 
1.43803 -0.0202971 -1.80935 -2.88276 -1.5708 3.43464 
1.45703 -0.0184549 -1.80329 -2.89066 -1.5708 3.42868 
1.47573 -0.0166467 -1.7971 -2.89866 -1.5708 3.42318 
1.49413 -0.0148765 -1.79079 -2.90675 -1.5708 3.41811 
1.51223 -0.0131465 -1.78434 -2.91492 -1.5708 3.41349 
1.53003 -0.0114602 -1.77777 -2.92318 -1.5708 3.40929 
1.54753 -0.00982006 -1.77107 -2.93152 -1.5708 3.40552 
1.56474 -0.00822846 -1.76425 -2.93993 -1.5708 3.40215 
1.58165 -0.00668834 -1.7573 -2.94842 -1.5708 3.39919 
1.59827 -0.00520162 -1.75022 -2.95698 -1.5708 3.39662 
1.6146 -0.00377086 -1.74303 -2.96561 -1.5708 3.39444 
1.63065 -0.0023981 -1.73571 -2.97429 -1.5708 3.39264 
1.6464 -0.0010851 -1.72828 -2.98304 -1.5708 3.3912 
1.66188 0.000165823 -1.72072 -2.99185 -1.5708 3.39013 
1.67708 0.0013529 -1.71304 -3.00072 -1.5708 3.38941 
1.69201 0.0024747 -1.70524 -3.00964 -1.5708 3.38904 
1.70666 0.0035295 -1.69733 -3.01861 -1.5708 3.38901 
1.72105 0.0045159 -1.68929 -3.02763 -1.5708 3.3893 
1.73518 0.00543182 -1.68114 -3.0367 -1.5708 3.38992 
1.74905 0.00627658 -1.67287 -3.04581 -1.5708 3.39084 
1.76266 0.00704818 -1.66448 -3.05497 -1.5708 3.39208 
1.77603 0.0077457 -1.65598 -3.06417 -1.5708 3.39362 
1.78915 0.00836798 -1.64735 -3.07342 -1.5708 3.39544 
1.80203 0.00891346 -1.63861 -3.0827 -1.5708 3.39755 
1.81467 0.00938106 -1.62976 -3.09203 -1.5708 3.39994 
1.82709 0.00977002 -1.62078 -3.10139 -1.5708 3.4026 
1.83927 0.0100791 -1.61169 -3.11079 -1.5708 3.40552 
1.85123 0.0103075 -1.60248 -3.12023 -1.5708 3.40871 
1.86298 0.0104537 -1.59315 -3.12971 -1.5708 3.41214 
1.87451 0.0105173 -1.5837 -3.13922 -1.5708 3.41582 
1.88583 0.0104968 -1.57413 -3.14876 -1.5708 3.41973 
1.89694 0.0103916 -1.56445 -3.15834 -1.5708 3.42388 
1.90785 0.010201 -1.55464 -3.16796 -1.5708 3.42826 
1.91857 0.00992366 -1.54471 -3.17761 -1.5708 3.43286 
1.92909 0.0095591 -1.53466 -3.18729 -1.5708 3.43767 
1.93943 0.00910546 -1.52449 -3.19702 -1.5708 3.4427 
1.94958 0.00856326 -1.51419 -3.20677 -1.5708 3.44792 
1.95954 0.00793122 -1.50377 -3.21656 -1.5708 3.45335 
1.96933 0.00720794 -1.49323 -3.22638 -1.5708 3.45898 
1.97895 0.00639302 -1.48255 -3.23624 -1.5708 3.46479 
1.9884 0.0054851 -1.47175 -3.24614 -1.5708 3.47079 
1.99768 0.00448342 -1.46082 -3.25607 -1.5708 3.47697 
2.0068 0.00338742 -1.44975 -3.26603 -1.5708 3.48333 
2.01576 0.00219554 -1.43855 -3.27604 -1.5708 3.48986 
2.02457 0.000907143 -1.42722 -3.28608 -1.5708 3.49656 
2.03322 -0.000479737 -1.41575 -3.29617 -1.5708 3.50342 
2.04173 -0.00196486 -1.40414 -3.30629 -1.5708 3.51044 
2.05008 -0.00354962 -1.39239 -3.31646 -1.5708 3.51762 
2.0583 -0.0052357 -1.3805 -3.32666 -1.5708 3.52495 
2.06638 -0.0070239 -1.36846 -3.33691 -1.5708 3.53243 
2.07432 -0.00891598 -1.35627 -3.34721 -1.5708 3.54005 
2.08213 -0.0109131 -1.34393 -3.35755 -1.5708 3.54782 
2.08981 -0.0130164 -1.33144 -3.36794 -1.5708 3.55572 
2.09736 -0.0152278 -1.31879 -3.37838 -1.5708 3.56376 
2.10478 -0.0175484 -1.30597 -3.38887 -1.5708 3.57193 
2.11209 -0.0199811 -1.293 -3.39942 -1.5708 3.58023 
2.11927 -0.0225259 -1.27985 -3.41002 -1.5708 3.58865 
2.12634 -0.0251853 -1.26653 -3.42068 -1.5708 3.5972 
2.13329 -0.0279619 -1.25304 -3.4314 -1.5708 3.60586 
2.14013 -0.0308571 -1.23936 -3.44218 -1.5708 3.61465 

