STEP 1
Posizione end effector iniziale:  0.90495 -1.20022  6.49813
det = 10.2978

J inversa
     1.29405    -0.614219 -4.62511e-17    -0.612375     -1.29016    0.0027037
    0.217015    -0.288524     -0.20641    -0.101036    -0.304757  0.000635526
    0.149229    -0.198036     0.262969     -0.43464   -0.0364335  0.000106297
   -0.367304     0.487063   -0.0565588      1.43958   -0.0865498  7.51331e-05
  0.00244988  -0.00116283   3.0215e-18     0.427638     0.900956  -0.00188807
    -1.29405     0.614218  5.95839e-17     0.613186      1.29187     0.997295
dot q: [1.0739, 0.143617, 0.099204, -0.244096, 0.001743, -0.982553]
STEP 2
Posizione end effector iniziale: 0.942333 -1.19192  6.49799
det = 10.8279

J inversa
     1.25726    -0.531865  9.31458e-17    -0.530268     -1.25348    0.0026461
    0.212356    -0.269252    -0.207597   -0.0770988    -0.292495  0.000614321
    0.150753    -0.190819     0.262417    -0.431539   -0.0484387  0.000129892
   -0.364051      0.46047   -0.0548209      1.43002   -0.0477335  3.25483e-06
  0.00244434  -0.00103404  9.67938e-18     0.388576     0.918542  -0.00193904
    -1.25725     0.531864 -4.80839e-17     0.531025      1.25527     0.997352
dot q: [1.04129, 0.14119, 0.100858, -0.243206, 0.001826, -0.961239]
STEP 3
Posizione end effector iniziale: 0.979183 -1.18378  6.49787
det = 11.3592

J inversa
     1.22108    -0.457604            0     -0.45623     -1.21741   0.00258785
    0.207791    -0.251814     -0.20875   -0.0554306    -0.280329  0.000592663
    0.152254    -0.184224     0.261864    -0.428474   -0.0602452  0.000154492
   -0.360871     0.436348   -0.0531147      1.42062  -0.00952202 -7.24937e-05
  0.00243057 -0.000910864 -6.48079e-18     0.350012      0.93398  -0.00198536
    -1.22108     0.457603 -8.46043e-18     0.456928      1.21928      0.99741
dot q: [1.00996, 0.138742, 0.102415, -0.242147, 0.001811, -0.940537]
STEP 4
Posizione end effector iniziale:  1.01556 -1.17578  6.49777
det = 11.8914

J inversa
     1.18563    -0.390479  4.72124e-17    -0.389307     -1.18207   0.00252652
    0.203332     -0.23597    -0.209869   -0.0357718    -0.268289  0.000570206
    0.153742    -0.178171      0.26131    -0.425405   -0.0718446  0.000178221
    -0.35779     0.414377   -0.0514408      1.41123    0.0280331 -0.000145982
  0.00240695 -0.000792714 -8.22327e-18     0.312025     0.947412  -0.00202498
    -1.18562     0.390478 -7.42118e-18     0.389941      1.18399     0.997472
dot q: [0.979694, 0.136249, 0.103917, -0.241026, 0.001826, -0.920291]
STEP 5
Posizione end effector iniziale:  1.05153 -1.16789  6.49769
det = 12.4243

J inversa
     1.15097    -0.329681 -4.75312e-17    -0.328691     -1.14752   0.00246433
    0.198981     -0.22152    -0.210955   -0.0179032      -0.2564  0.000547403
    0.155222     -0.17259     0.260755    -0.422304   -0.0832237   0.00020187
   -0.354814     0.394286   -0.0497997      1.40172    0.0648706 -0.000219649
  0.00237619 -0.000680629  4.87425e-18     0.274685     0.958969  -0.00205942
    -1.15097     0.329681  6.23598e-17     0.329259       1.1495     0.997534
dot q: [0.950634, 0.133777, 0.105382, -0.239911, 0.001878, -0.900613]
STEP 6
Posizione end effector iniziale:  1.08713 -1.16011  6.49761
det = 12.9579

J inversa
     1.11716    -0.274503 -2.39251e-17    -0.273679      -1.1138   0.00240235
    0.194738    -0.208293    -0.212009  -0.00163258     -0.24468  0.000524407
    0.156698    -0.167425       0.2602    -0.419149   -0.0943728  0.000226186
   -0.351945     0.375843   -0.0481913      1.39202     0.100944 -0.000295876
  0.00233998 -0.000574971  1.01381e-17     0.238045     0.968778  -0.00208955
    -1.11715     0.274503 -1.45358e-17     0.274178      1.11583     0.997596
dot q: [0.922785, 0.131346, 0.106812, -0.238762, 0.00183, -0.881631]
STEP 7
Posizione end effector iniziale:   1.1224 -1.15241  6.49755
det = 13.4923

J inversa
     1.08421    -0.224334            0    -0.223661     -1.08095   0.00233878
      0.1906    -0.196142     -0.21303    0.0132059    -0.233139   0.00050107
    0.158173    -0.162625     0.259645    -0.415926    -0.105288  0.000249332
   -0.349188     0.358853    -0.046615      1.38206     0.136222 -0.000368685
  0.00229716 -0.000475307  2.54762e-18     0.202144     0.976965  -0.00211379
    -1.08421     0.224334  2.36529e-19     0.224089      1.08303     0.997659
dot q: [0.896096, 0.128981, 0.108242, -0.237708, 0.00182, -0.863166]
STEP 8
Posizione end effector iniziale: 1.15739 -1.1448  6.4975
det = 14.0277

J inversa
     1.05214    -0.178644   1.9185e-16    -0.178107     -1.04898   0.00227497
    0.186559    -0.184943     -0.21402     0.026757    -0.221782  0.000477611
    0.159649    -0.158148      0.25909    -0.412627    -0.115962  0.000272113
   -0.346534     0.343146   -0.0450702      1.37181     0.170675 -0.000440617
  0.00224962 -0.000381966  5.36664e-18     0.167015     0.983645  -0.00213328
    -1.05213     0.178643 -1.10323e-16     0.178465      1.05108     0.997723
dot q: [0.870359, 0.126616, 0.109663, -0.236673, 0.001851, -0.845279]
STEP 9
Posizione end effector iniziale:  1.19212 -1.13726  6.49746
det = 14.5639

J inversa
     1.02095     -0.13698            0    -0.136569     -1.01788   0.00221208
    0.182614    -0.174591    -0.214979    0.0391439    -0.210621  0.000454168
    0.161126    -0.153959     0.258535    -0.409246     -0.12639  0.000295364
   -0.343981     0.328582   -0.0435569      1.36125     0.204273 -0.000514281
  0.00219903 -0.000295043  3.42039e-18     0.132684     0.988924  -0.00214914
    -1.02095      0.13698  8.47598e-18     0.136855      1.02002     0.997786
dot q: [0.845802, 0.124346, 0.111072, -0.235637, 0.001789, -0.828075]
STEP 10
Posizione end effector iniziale:  1.22663 -1.12979  6.49743
det = 15.1013

J inversa
    0.990642   -0.0989366  1.81019e-16   -0.0986396    -0.987668   0.00214663
    0.178756    -0.164993    -0.215907    0.0504768    -0.199654  0.000430305
    0.162607    -0.150027     0.257981    -0.405782    -0.136574  0.000317036
   -0.341526     0.315036    -0.042074      1.35037     0.237013 -0.000583481
  0.00214243 -0.000213967  4.30607e-19    0.0991633     0.992912  -0.00215802
    -0.99064    0.0989364  4.29265e-19    0.0988543     0.989818     0.997851
dot q: [0.82212, 0.122095, 0.112513, -0.234782, 0.001749, -0.811277]
STEP 11
Posizione end effector iniziale:  1.26095 -1.12237  6.49741
det = 15.6399

J inversa
    0.961209   -0.0641657            0    -0.063973    -0.958323   0.00208383
    0.174981    -0.156072    -0.216807    0.0608526    -0.188884  0.000407014
     0.16409    -0.146324     0.257428    -0.402236    -0.146509  0.000338385
   -0.339162     0.302402   -0.0406212      1.33917     0.268877 -0.000651343
  0.00208546 -0.000139216 -6.79332e-19     0.066468     0.995698   -0.0021651
   -0.961206    0.0641655  1.13666e-16    0.0641174     0.960485     0.997914
dot q: [0.799337, 0.119891, 0.11393, -0.233913, 0.001765, -0.794947]
STEP 12
Posizione end effector iniziale: 1.29509  -1.115 6.49738
det = 16.1797

J inversa
    0.932641   -0.0323596 -1.71451e-16   -0.0322625    -0.929841   0.00202205
    0.171284    -0.147761    -0.217678    0.0703551    -0.178317  0.000383812
    0.165576    -0.142829     0.256876     -0.39861    -0.156196  0.000360003
   -0.336882      0.29059    -0.039198      1.32765     0.299859  -0.00072021
  0.00202691 -7.03273e-05 -2.06833e-19    0.0346057     0.997375  -0.00216891
   -0.932639    0.0323595 -4.54514e-18    0.0323377     0.932011     0.997976
dot q: [0.777459, 0.117735, 0.115379, -0.233106, 0.001674, -0.779146]
STEP 13
Posizione end effector iniziale:  1.32908 -1.10767  6.49737
det = 16.7211

J inversa
    0.904923   -0.0032437 -1.67066e-16  -0.00323396    -0.902206    0.0019605
    0.167658    -0.139999    -0.218521    0.0790597    -0.167948  0.000360882
    0.167066     -0.13952     0.256324    -0.394909    -0.165637  0.000380078
   -0.334686     0.279519   -0.0378037      1.31584     0.329961 -0.000784182
  0.00196638 -7.04851e-06  6.76292e-20   0.00357744     0.998031  -0.00216873
   -0.904921   0.00324369   6.1283e-20   0.00324174     0.904377     0.998037
dot q: [0.75638, 0.115619, 0.116828, -0.232356, 0.001634, -0.763829]
STEP 14
Posizione end effector iniziale:  1.36294 -1.10038  6.49736
det = 17.264

J inversa
    0.878041    0.0234235 -1.62916e-16    0.0233532    -0.875405   0.00189974
    0.164101    -0.132736    -0.219336    0.0870334     -0.15778  0.000338196
     0.16856    -0.136381     0.255774    -0.391136    -0.174833  0.000399507
   -0.332565     0.269119   -0.0364378      1.30375     0.359185 -0.000846163
  0.00190477  5.08137e-05  5.40878e-19   -0.0266168     0.997743  -0.00216522
   -0.878039   -0.0234235  4.75732e-19    -0.023411     0.877571     0.998098
dot q: [0.735965, 0.113521, 0.118263, -0.231626, 0.001642, -0.748777]
STEP 15
Posizione end effector iniziale:  1.39667 -1.09313  6.49735
det = 17.8085

J inversa
    0.851983    0.0478544  1.58981e-16    0.0477107    -0.849425   0.00184023
    0.160608    -0.125927    -0.220125    0.0943351    -0.147813  0.000315689
    0.170056    -0.133396     0.255225    -0.387298    -0.183784   0.00041914
   -0.330515     0.259332   -0.0351002       1.2914     0.387529 -0.000908855
  0.00184286   0.00010351  1.08891e-18   -0.0559765     0.996587  -0.00215905
   -0.851981   -0.0478543 -2.96644e-18   -0.0478319     0.851583     0.998157
dot q: [0.716406, 0.111469, 0.119739, -0.230974, 0.001542, -0.734301]
STEP 16
Posizione end effector iniziale: 1.43031 -1.0859 6.49735
det = 18.3548

J inversa
    0.826728    0.0702464            0    0.0700354    -0.824246   0.00178155
    0.157173    -0.119533    -0.220887      0.10102    -0.138044  0.000293655
    0.171555    -0.130552     0.254677    -0.383401    -0.192498  0.000437194
   -0.328534     0.250101   -0.0337902      1.27881     0.415011 -0.000966455
   0.0017805  0.000151287 -1.49033e-18   -0.0845131     0.994632  -0.00214983
   -0.826726   -0.0702462 -1.10586e-16   -0.0702176      0.82639     0.998216
dot q: [0.697432, 0.109431, 0.121199, -0.230326, 0.001491, -0.720063]
STEP 17
Posizione end effector iniziale:  1.46385 -1.07871  6.49735
det = 18.9028

J inversa
    0.802261    0.0907693 -1.51686e-16    0.0904968    -0.799852   0.00172382
    0.153795    -0.113517    -0.221624     0.107134    -0.128473  0.000271971
    0.173058    -0.127837     0.254131    -0.379451    -0.200975  0.000454465
   -0.326616     0.241381   -0.0325076        1.266     0.441635  -0.00102159
  0.00171805  0.000194383 -2.19557e-18    -0.112231     0.991945  -0.00213781
   -0.802259   -0.0907691   2.2033e-16   -0.0907374     0.801978     0.998274
dot q: [0.679099, 0.10742, 0.122672, -0.229731, 0.001497, -0.706181]
STEP 18
Posizione end effector iniziale:  1.49731 -1.07154  6.49735
det = 19.4527

J inversa
    0.778563     0.109579            0      0.10925    -0.776225   0.00166736
    0.150471     -0.10785    -0.222335     0.112724    -0.119099  0.000250492
    0.174563     -0.12524     0.253587    -0.375455    -0.209218  0.000471929
   -0.324757     0.233129   -0.0312519      1.25301     0.467412  -0.00107737
  0.00165605  0.000233082 -8.07912e-19    -0.139139     0.988587  -0.00212352
   -0.778561    -0.109579 -2.25867e-16    -0.109546      0.77833      0.99833
dot q: [0.661421, 0.105443, 0.124148, -0.229171, 0.001388, -0.692728]
STEP 19
Posizione end effector iniziale:   1.5307 -1.06439  6.49736
det = 20.0046

J inversa
    0.755615     0.126817            0     0.126437    -0.753346     0.001612
    0.147195    -0.102504    -0.223022     0.117828    -0.109919  0.000229626
    0.176071    -0.122752     0.253045    -0.371419    -0.217234   0.00048772
   -0.322956     0.225308   -0.0300229      1.23985      0.49236  -0.00112775
  0.00159455  0.000267618  4.49982e-18    -0.165251     0.984615  -0.00210686
   -0.755613    -0.126817 -1.05589e-16    -0.126786     0.755426     0.998386
dot q: [0.644316, 0.103469, 0.125642, -0.228643, 0.001338, -0.679555]
STEP 20
Posizione end effector iniziale:  1.56403 -1.05727  6.49736
det = 20.5584

J inversa
    0.733398     0.142611   1.4197e-16     0.142183    -0.731196   0.00155798
    0.143966   -0.0974531    -0.223685     0.122482     -0.10093   0.00020921
    0.177582    -0.120365     0.252505    -0.367349    -0.225027  0.000502828
   -0.321208     0.217884   -0.0288202      1.22655     0.516493   -0.0011759
  0.00153394  0.000298278 -8.26669e-18     -0.19058     0.980082  -0.00208829
   -0.733396    -0.142611  -1.1832e-16    -0.142582     0.733248      0.99844
dot q: [0.627685, 0.101504, 0.127115, -0.228101, 0.00134, -0.666621]
STEP 21
Posizione end effector iniziale:   1.5973 -1.05015  6.49737
det = 21.1142

J inversa
    0.711896     0.157075 -1.39012e-16     0.156603    -0.709759   0.00150514
    0.140783   -0.0926767    -0.224323     0.126719   -0.0921323  0.000189014
    0.179095    -0.118071     0.251967    -0.363253    -0.232599  0.000518065
   -0.319509     0.210829   -0.0276438      1.21313     0.539824  -0.00122448
  0.00147421  0.000325275 -8.45713e-19    -0.215136     0.975041  -0.00206771
   -0.711894    -0.157075  -6.1737e-19    -0.157049     0.711779     0.998493
dot q: [0.611714, 0.099572, 0.12862, -0.227632, 0.001231, -0.654171]
STEP 22
Posizione end effector iniziale:  1.63053 -1.04306  6.49738
det = 21.672

J inversa
   0.691085    0.170316           0    0.169805    -0.68901  0.00145362
   0.137641   -0.088154   -0.224939    0.130571  -0.0835204  0.00016952
    0.18061   -0.115864    0.251432   -0.359134    -0.23996 0.000531672
  -0.317859    0.204114  -0.0264931     1.19961    0.562376 -0.00126779
 0.00141564  0.00034888 8.01921e-18   -0.238939    0.969535 -0.00204545
  -0.691084   -0.170316 -2.1466e-16   -0.170295    0.690998    0.998544
dot q: [0.596157, 0.097648, 0.130106, -0.227155, 0.001179, -0.641916]
STEP 23
Posizione end effector iniziale:  1.66371 -1.03598  6.49739
det = 22.2319

J inversa
   0.670949    0.182429           0    0.181881   -0.668935   0.0014034
    0.13454  -0.0838674   -0.225532    0.134064  -0.0750931 0.000150509
   0.182128   -0.113737      0.2509   -0.355001   -0.247113 0.000544567
  -0.316255    0.197716   -0.025368     1.18602    0.584165  -0.0013088
 0.00135831 0.000369321   4.179e-18   -0.262002    0.963611 -0.00202163
  -0.670948   -0.182428 2.90951e-18   -0.182412    0.670887    0.998595
dot q: [0.581095, 0.095723, 0.131603, -0.226691, 0.001178, -0.629915]
STEP 24
Posizione end effector iniziale:  1.69686 -1.02892   6.4974
det = 22.7938

J inversa
    0.651469     0.193501            0      0.19292    -0.649513   0.00135449
    0.131477   -0.0798006    -0.226103     0.137224   -0.0668483  0.000131761
    0.183647    -0.111685     0.250371    -0.350858    -0.254062  0.000557583
   -0.314693     0.191614   -0.0242684      1.17237     0.605207  -0.00135015
  0.00130233   0.00038682  2.71835e-18    -0.284341     0.957308  -0.00199636
   -0.651468      -0.1935 -1.12032e-16    -0.193488     0.651428     0.998644
dot q: [0.566536, 0.093817, 0.133107, -0.226264, 0.001073, -0.618234]
STEP 25
Posizione end effector iniziale:  1.72997 -1.02186  6.49741
det = 23.3577

J inversa
    0.632624     0.203613            0     0.203001    -0.630725   0.00130707
    0.128451   -0.0759388    -0.226651     0.140075   -0.0587809  0.000113773
    0.185168    -0.109704     0.249845     -0.34671    -0.260815  0.000569074
   -0.313173     0.185786   -0.0231939      1.15869     0.625526  -0.00138655
  0.00124796   0.00040166 -1.43562e-18    -0.305975     0.950664  -0.00197009
   -0.632623    -0.203612 -1.09334e-16    -0.203605     0.632602     0.998691
dot q: [0.552427, 0.091923, 0.134616, -0.22585, 0.001021, -0.606874]
STEP 26
Posizione end effector iniziale:  1.76305 -1.01481  6.49743
det = 23.9238

J inversa
    0.614395     0.212838  1.25943e-16     0.212199    -0.612551   0.00126095
    0.125459   -0.0722684    -0.227178     0.142639   -0.0508884  9.62917e-05
    0.186691    -0.107788     0.249323    -0.342563    -0.267377  0.000579862
   -0.311692     0.180215   -0.0221444      1.14499     0.645141  -0.00142068
  0.00119506  0.000413993 -2.45563e-18    -0.326921     0.943715  -0.00194265
   -0.614394    -0.212838 -1.59869e-18    -0.212835     0.614388     0.998737
dot q: [0.538686, 0.090029, 0.136088, -0.225391, 0.001021, -0.59568]
STEP 27
Posizione end effector iniziale:  1.79611 -1.00777  6.49744
det = 24.4918

J inversa
   0.596767    0.221244           0     0.22058   -0.594975  0.00121584
   0.122501  -0.0687777   -0.227684    0.144935  -0.0431697 7.90361e-05
   0.188216   -0.105934    0.248804   -0.338422   -0.273752 0.000590743
  -0.310248    0.174886  -0.0211197      1.1313    0.664069 -0.00145513
 0.00114344 0.000423918  8.1228e-18   -0.347194    0.936495 -0.00191374
  -0.596766   -0.221243 5.17616e-18   -0.221245    0.596771    0.998783
dot q: [0.525452, 0.088148, 0.13762, -0.225031, 0.000919, -0.584877]
STEP 28
Posizione end effector iniziale:  1.82915 -1.00075  6.49746
det = 25.0619

J inversa
    0.579716     0.228892            0     0.228205    -0.577976   0.00117232
    0.119575   -0.0654548     -0.22817     0.146982   -0.0356179  6.25796e-05
    0.189742    -0.104138     0.248289    -0.334289    -0.279949  0.000600171
   -0.308841     0.169781   -0.0201194      1.11762     0.682336  -0.00148485
  0.00109368  0.000431825 -1.12813e-17    -0.366815     0.929032  -0.00188438
   -0.579715    -0.228892 -7.03969e-18    -0.228898     0.579729     0.998826
dot q: [0.51256, 0.086266, 0.139115, -0.224626, 0.000868, -0.574216]
STEP 29
Posizione end effector iniziale:   1.86217 -0.993726   6.49747
det = 25.634

J inversa
   0.563227    0.235841           0    0.235133   -0.561536  0.00113013
    0.11668    -0.06229   -0.228635    0.148798  -0.0282317 4.66523e-05
   0.191271   -0.102396    0.247778   -0.330171   -0.285971 0.000608928
  -0.307468    0.164888  -0.0191437     1.10398    0.699957  -0.0015124
 0.00104557 0.000437812 6.39319e-18     -0.3858    0.921355 -0.00185429
  -0.563227    -0.23584 3.90832e-18   -0.235849    0.563248    0.998869
dot q: [0.500062, 0.084393, 0.140612, -0.224221, 0.000871, -0.56383]
STEP 30
Posizione end effector iniziale:   1.89518 -0.986715   6.49749
det = 26.208

J inversa
    0.547283     0.242141 -1.17163e-16     0.241414     -0.54564   0.00108892
    0.113815   -0.0592735     -0.22908     0.150398   -0.0210083  3.09374e-05
      0.1928    -0.100706     0.247272     -0.32607    -0.291825  0.000617837
   -0.306127     0.160196   -0.0181921      1.09038     0.716954  -0.00154043
 0.000998805  0.000441914 -4.15999e-18    -0.404168     0.913492  -0.00182304
   -0.547282    -0.242141  1.06309e-16    -0.242152     0.547308      0.99891
dot q: [0.487967, 0.082531, 0.142111, -0.22386, 0.000772, -0.553811]
STEP 31
Posizione end effector iniziale:   1.92817 -0.979706    6.4975
det = 26.784

J inversa
    0.531864     0.247842 -2.30316e-16     0.247098    -0.530267   0.00104937
    0.110979   -0.0563968    -0.229506     0.151797   -0.0139424  1.60484e-05
    0.194332   -0.0990643     0.246771     -0.32199    -0.297517  0.000625361
   -0.304819      0.15569   -0.0172644      1.07684     0.733348  -0.00156395
 0.000954028  0.000444566  1.00151e-17    -0.421937     0.905466  -0.00179186
   -0.531863    -0.247842  1.14513e-16    -0.247855     0.531892     0.998949
dot q: [0.476244, 0.080666, 0.143622, -0.22349, 0.000726, -0.543888]
STEP 32
Posizione end effector iniziale:   1.96115 -0.972704   6.49752
det = 27.362

J inversa
    0.516953     0.252989 -1.13222e-16     0.252229    -0.515401   0.00101095
     0.10817   -0.0536517    -0.229913     0.153009  -0.00703097  1.65517e-06
    0.195865   -0.0974685     0.246274    -0.317935    -0.303052  0.000632265
   -0.303542     0.151361   -0.0163606      1.06337      0.74916   -0.0015855
 0.000910781  0.000445723  5.44638e-18    -0.439125     0.897299  -0.00176005
   -0.516952    -0.252989  4.04615e-18    -0.253004     0.516983     0.998988
dot q: [0.464798, 0.078805, 0.145104, -0.223086, 0.00073, -0.53424]
STEP 33
Posizione end effector iniziale:   1.99411 -0.965705   6.49754
det = 27.9417

J inversa
    0.502535     0.257621            0     0.256848    -0.501026  0.000973421
    0.105389    -0.051031    -0.230301     0.154048 -0.000272265 -1.25416e-05
    0.197399   -0.0959164     0.245782    -0.313907    -0.308435   0.00063933
   -0.302295       0.1472   -0.0154805      1.04999     0.764406  -0.00160758
 0.000868836  0.000445404 -6.16877e-18    -0.455748     0.889014  -0.00172722
   -0.502534    -0.257621 -3.48724e-18    -0.257637     0.502564     0.999026
dot q: [0.453788, 0.076958, 0.146624, -0.222773, 0.000633, -0.52491]
STEP 34
Posizione end effector iniziale:   2.02707 -0.958711   6.49755
det = 28.5233

J inversa
    0.488591     0.261779            0     0.260993    -0.487124  0.000937575
    0.102633   -0.0485276    -0.230672     0.154924   0.00634027 -2.58913e-05
    0.198936   -0.0944055     0.245296    -0.309908    -0.313673  0.000645056
   -0.301076     0.143197   -0.0146237       1.0367      0.77911  -0.00162529
 0.000828917   0.00044412  3.05529e-18    -0.471825     0.880627  -0.00169496
    -0.48859    -0.261779  1.69524e-18    -0.261794     0.488619     0.999061
dot q: [0.443047, 0.075115, 0.148108, -0.222406, 0.000591, -0.515712]
STEP 35
Posizione end effector iniziale:   2.06002 -0.951727   6.49757
det = 29.1067

J inversa
    0.475106     0.265496            0     0.264699     -0.47368  0.000902852
   0.0999018   -0.0461354    -0.231024     0.155649    0.0128084 -3.87555e-05
    0.200474   -0.0929338     0.244815    -0.305942    -0.318771  0.000650234
   -0.299886     0.139343   -0.0137902      1.02351     0.793288  -0.00164125
 0.000790514   0.00044175  8.90932e-20    -0.487374     0.872158  -0.00166236
   -0.475106    -0.265496 -5.35458e-17     -0.26551     0.475132     0.999096
dot q: [0.432626, 0.073267, 0.149598, -0.222027, 0.000598, -0.506777]
STEP 36
Posizione end effector iniziale:   2.09297 -0.944738   6.49759
det = 29.6918

J inversa
    0.462066     0.268805 -1.59136e-16     0.267998    -0.460679  0.000868914
   0.0971958   -0.0438482     -0.23136     0.156234    0.0191349 -5.14519e-05
    0.202014   -0.0914995     0.244339    -0.302011    -0.323734  0.000655616
   -0.298723     0.135631   -0.0129797      1.01043     0.806959  -0.00165787
 0.000753328  0.000438246  2.82071e-18     -0.50241     0.863623  -0.00162893
   -0.462066    -0.268805  1.09297e-16    -0.268818     0.462088      0.99913
dot q: [0.42254, 0.071428, 0.151104, -0.221713, 0.000507, -0.498039]
STEP 37
Posizione end effector iniziale:   2.12591 -0.937757   6.49761
det = 30.2786

J inversa
    0.449453     0.271737 -5.22235e-17     0.270922    -0.448104  0.000836557
   0.0945131   -0.0416606    -0.231678     0.156688    0.0253253  -6.3325e-05
    0.203556   -0.0901005      0.24387    -0.298116    -0.328568   0.00065974
   -0.297586     0.132053   -0.0121921     0.997472     0.820144  -0.00167042
  0.00071804  0.000434124  2.88115e-18    -0.516951     0.855036  -0.00159625
   -0.449453    -0.271737  5.49879e-17    -0.271748     0.449471     0.999163
dot q: [0.412754, 0.069599, 0.152593, -0.221372, 0.000469, -0.489585]
STEP 38
Posizione end effector iniziale:   2.15884 -0.930773   6.49763
det = 30.867

J inversa
    0.437253      0.27432  5.14269e-17     0.273496    -0.435941  0.000805288
   0.0918534   -0.0395675     -0.23198     0.157021    0.0313822 -7.47308e-05
    0.205101   -0.0887353     0.243407    -0.294259    -0.333278  0.000663385
   -0.296476     0.128603   -0.0114271     0.984633     0.832859  -0.00168144
 0.000684208  0.000429252  2.93757e-18    -0.531013     0.846412  -0.00156353
   -0.437253    -0.274319   8.8325e-19    -0.274328     0.437266     0.999194
dot q: [0.403197, 0.067765, 0.154073, -0.220992, 0.000478, -0.481214]
STEP 39
Posizione end effector iniziale:   2.19177 -0.923794   6.49764
det = 31.4568

J inversa
    0.425454     0.276578 -5.06542e-17     0.275748    -0.424177  0.000774549
   0.0892165    -0.037564    -0.232266      0.15724    0.0373077 -8.60118e-05
    0.206647   -0.0874028     0.242951    -0.290442    -0.337867   0.00066722
    -0.29539     0.125275   -0.0106847     0.971924      0.84512  -0.00169313
 0.000651347  0.000423426 -1.16263e-17    -0.544611     0.837764  -0.00152976
   -0.425453    -0.276578 -5.90444e-18    -0.276582      0.42546     0.999225
dot q: [0.393999, 0.06594, 0.15559, -0.220711, 0.000393, -0.473191]
STEP 40
Posizione end effector iniziale:   2.22469 -0.916821   6.49766
det = 32.0482

J inversa
    0.414038     0.278536            0       0.2777    -0.412795  0.000745365
   0.0866008   -0.0356457    -0.232536     0.157353    0.0431079   -9.649e-05
    0.208196   -0.0861009     0.242501    -0.286667    -0.342343  0.000669897
    -0.29433     0.122061  -0.00996451     0.959348     0.856947  -0.00170107
 0.000620306  0.000417299 -5.83283e-18    -0.557762     0.829101  -0.00149707
   -0.414037    -0.278536  5.03801e-17    -0.278536     0.414038     0.999254
dot q: [0.385022, 0.064115, 0.157071, -0.220369, 0.000358, -0.465262]
STEP 41
Posizione end effector iniziale:   2.25762 -0.909844   6.49768
det = 32.641

J inversa
    0.402993     0.280217            0     0.279376    -0.401784  0.000717173
   0.0840064   -0.0338083    -0.232791     0.157369    0.0487846 -0.000106523
    0.209748   -0.0848285     0.242058    -0.282934    -0.346709  0.000672131
   -0.293294     0.118957  -0.00926649     0.946911     0.868355  -0.00170761
  0.00059059   0.00041066 -1.06742e-17    -0.570481     0.820436  -0.00146446
   -0.402993    -0.280217 -5.24303e-18    -0.280212     0.402987     0.999282
dot q: [0.376307, 0.062311, 0.158544, -0.220016, 0.000368, -0.45758]
STEP 42
Posizione end effector iniziale:   2.29054 -0.902877    6.4977
det = 33.2351

J inversa
    0.392308      0.28164   -4.847e-17     0.280795     -0.39113  0.000689463
   0.0814329    -0.032048    -0.233032     0.157294    0.0543405 -0.000116446
    0.211302   -0.0835846     0.241622    -0.279245     -0.35097  0.000674573
   -0.292281     0.115959  -0.00859024     0.934618      0.87936  -0.00171487
 0.000561764  0.000403294 -5.00552e-18    -0.582781     0.811779  -0.00143096
   -0.392307     -0.28164   5.1232e-17     -0.28163     0.392293      0.99931
dot q: [0.367879, 0.060486, 0.160046, -0.219726, 0.000287, -0.450127]
STEP 43
Posizione end effector iniziale: 2.32345 -0.8959 6.49772
det = 33.8304

J inversa
    0.381967     0.282826 -4.77833e-17     0.281977    -0.380821  0.000663254
   0.0788792    -0.030361    -0.233257     0.157133    0.0597806 -0.000125582
     0.21286   -0.0823675     0.241193      -0.2756    -0.355132  0.000675915
   -0.291293     0.113059  -0.00793583     0.922468     0.889979  -0.00171858
 0.000534642  0.000395873   -1.958e-17    -0.594679     0.803137  -0.00139878
   -0.381967    -0.282826  4.42442e-17     -0.28281     0.381945     0.999336
dot q: [0.359676, 0.058683, 0.161545, -0.219423, 0.000257, -0.442789]
STEP 44
Posizione end effector iniziale:  2.35637 -0.88893  6.49774
det = 34.4269

J inversa
    0.371959     0.283791            0     0.282939    -0.370843  0.000637879
    0.076345   -0.0287438    -0.233469     0.156895    0.0651076 -0.000134317
    0.214421   -0.0811765     0.240772    -0.272001    -0.359198   0.00067687
   -0.290327     0.110255   -0.0073029     0.910467     0.900227  -0.00172111
 0.000508657  0.000388086  1.79181e-17    -0.606187     0.794519  -0.00136664
   -0.371959    -0.283791  7.98241e-18    -0.283768      0.37193     0.999362
dot q: [0.351677, 0.056881, 0.163008, -0.219064, 0.000268, -0.435655]
STEP 45
Posizione end effector iniziale:   2.38929 -0.881967   6.49775
det = 35.0245

J inversa
    0.362274     0.284552 -4.64667e-17     0.283697    -0.361186  0.000612916
   0.0738302   -0.0271932    -0.233668     0.156583    0.0703232  -0.00014296
    0.215985   -0.0800106     0.240359    -0.268448    -0.363172  0.000678042
   -0.289384     0.107542  -0.00669128     0.898619     0.910116  -0.00172438
 0.000483457  0.000379736  2.65607e-18    -0.617319     0.785933  -0.00133369
   -0.362274    -0.284552  5.42233e-17    -0.284522     0.362236     0.999387
dot q: [0.343958, 0.055078, 0.164526, -0.21886, 0.00022, -0.428697]
STEP 46
Posizione end effector iniziale:    2.4222 -0.874997   6.49777
det = 35.6231

J inversa
    0.352897     0.285124            0     0.284268    -0.351838  0.000590171
   0.0713336   -0.0257061    -0.233853     0.156204    0.0754331 -0.000150965
    0.217553   -0.0788687     0.239954    -0.264941    -0.367059  0.000678883
   -0.288463     0.104917  -0.00610085     0.886922     0.919662  -0.00172604
 0.000460442  0.000372014  -6.8122e-18    -0.628087     0.777383  -0.00130398
   -0.352897    -0.285124  5.01885e-17    -0.285088     0.352853      0.99941
dot q: [0.336444, 0.053286, 0.165997, -0.218497, 0.00016, -0.421945]
STEP 47
Posizione end effector iniziale:  2.45512 -0.86803  6.49779
det = 36.2226

J inversa
     0.34382     0.285521            0     0.284664    -0.342788  0.000567355
   0.0688551   -0.0242798    -0.234026     0.155762    0.0804388 -0.000158446
    0.219125   -0.0777497     0.239557    -0.261481    -0.370864  0.000678584
   -0.287565     0.102374  -0.00553134     0.875378      0.92888  -0.00172468
 0.000437788  0.000363557  6.93549e-18    -0.638507     0.768878  -0.00127259
    -0.34382    -0.285521  5.56792e-17    -0.285478     0.343767     0.999433
dot q: [0.329143, 0.051503, 0.167471, -0.218166, 0.000176, -0.415315]
STEP 48
Posizione end effector iniziale:   2.48803 -0.861058   6.49781
det = 36.8228

J inversa
     0.33503     0.285758  4.46226e-17       0.2849    -0.334025  0.000544822
   0.0663946   -0.0229112    -0.234186     0.155262     0.085343 -0.000165886
    0.220701   -0.0766529     0.239169    -0.258068    -0.374589  0.000678566
   -0.286689    0.0999105  -0.00498252      0.86399     0.937783  -0.00172429
 0.000415768  0.000354622  2.04461e-17    -0.648589     0.760422  -0.00124031
    -0.33503    -0.285758  9.28315e-18    -0.285706     0.334969     0.999455
dot q: [0.322051, 0.049713, 0.168978, -0.217921, 0.000106, -0.408955]
STEP 49
Posizione end effector iniziale:   2.52094 -0.854094   6.49783
det = 37.4238

J inversa
    0.326518     0.285845   1.3212e-16     0.284987    -0.325538  0.000523597
   0.0639508    -0.021598    -0.234334     0.154708    0.0901501 -0.000172608
    0.222281   -0.0755774     0.238789    -0.254703     -0.37824  0.000677597
   -0.285835    0.0975232  -0.00445433     0.852758     0.946382  -0.00172086
 0.000395148  0.000345926  1.75895e-18    -0.658344      0.75202  -0.00120955
   -0.326518    -0.285845  -1.0528e-16    -0.285784     0.326449     0.999476
dot q: [0.315169, 0.04794, 0.170467, -0.217646, 8e-05, -0.402599]
STEP 50
Posizione end effector iniziale:   2.55386 -0.847131   6.49785
det = 38.0254

J inversa
    0.318274     0.285795            0     0.284937    -0.317318  0.000503132
   0.0615238   -0.0203377    -0.234471     0.154104    0.0948625 -0.000178961
    0.223867   -0.0745226     0.238418    -0.251385     -0.38182  0.000676302
   -0.285002    0.0952088  -0.00394645     0.841681     0.954692  -0.00171643
 0.000375482  0.000337165  2.19937e-17    -0.667786     0.743676  -0.00117915
   -0.318274    -0.285795 -4.35291e-17    -0.285725     0.318196     0.999497
dot q: [0.308444, 0.04616, 0.171937, -0.217317, 9.8e-05, -0.396535]
STEP 51
Posizione end effector iniziale:   2.58677 -0.840165   6.49787
det = 38.6274

J inversa
    0.310288     0.285617            0     0.284759    -0.309357  0.000482923
   0.0591134   -0.0191279    -0.234597     0.153454    0.0994818 -0.000185295
    0.225457   -0.0734878     0.238056    -0.248115    -0.385331  0.000675325
   -0.284191    0.0929652  -0.00345881     0.830762     0.962721  -0.00171307
 0.000356381  0.000328044 -1.12231e-17    -0.676924     0.735396  -0.00114799
   -0.310288    -0.285617  4.81251e-17    -0.285537     0.310202     0.999517
dot q: [0.301962, 0.044389, 0.173453, -0.217102, 3.2e-05, -0.390559]
STEP 52
Posizione end effector iniziale:   2.61968 -0.833198   6.49789
det = 39.2299

J inversa
    0.302551     0.285321            0     0.284465    -0.301642  0.000463937
   0.0567185   -0.0179665    -0.234713     0.152762     0.104013 -0.000190942
    0.227054    -0.072472     0.237704    -0.244892     -0.38878  0.000673447
   -0.283401     0.090788  -0.00299119     0.819998     0.970485  -0.00170684
 0.000338538   0.00031926  8.67233e-18     -0.68577      0.72718  -0.00111843
   -0.302551    -0.285321  3.77313e-18    -0.285233     0.302457     0.999536
dot q: [0.295637, 0.042622, 0.17494, -0.216831, 8e-06, -0.384713]
STEP 53
Posizione end effector iniziale:    2.6526 -0.826229   6.49791
det = 39.8327

J inversa
    0.295053     0.284918  4.18542e-17     0.284063    -0.294168  0.000445618
    0.054339   -0.0168515    -0.234818     0.152031     0.108458 -0.000196241
    0.228656   -0.0714746     0.237361    -0.241717    -0.392168  0.000671261
   -0.282633    0.0886752  -0.00254342     0.809389     0.977992   -0.0016997
 0.000321522  0.000310477  2.96224e-18    -0.694334     0.719033  -0.00108922
   -0.295053    -0.284918  1.35632e-18     -0.28482     0.294952     0.999555
dot q: [0.28947, 0.040873, 0.176421, -0.216544, 2.7e-05, -0.379107]
STEP 54
Posizione end effector iniziale:   2.68551 -0.819264   6.49793
det = 40.4356

J inversa
    0.287787     0.284414            0     0.283561    -0.286924  0.000427487
   0.0519747   -0.0157808    -0.234913     0.151265     0.112818 -0.000201544
    0.230264   -0.0704955     0.237028     -0.23859    -0.395498    0.0006694
   -0.281886     0.086625  -0.00211518     0.798937     0.985254  -0.00169364
 0.000304971  0.000301396  4.06403e-18    -0.702625     0.710958  -0.00105925
   -0.287787    -0.284414 -5.09865e-17    -0.284306     0.287677     0.999573
dot q: [0.283501, 0.039103, 0.177939, -0.216335, -3.6e-05, -0.373551]
STEP 55
Posizione end effector iniziale: 2.71843 -0.8123 6.49795
det = 41.0386

J inversa
    0.280745     0.283819            0     0.282967    -0.279902  0.000410523
   0.0496248   -0.0147527    -0.234999     0.150465     0.117098 -0.000206181
    0.231879   -0.0695335     0.236705     -0.23551    -0.398776  0.000666679
   -0.281159    0.0846338  -0.00170656     0.788638     0.992281  -0.00168486
 0.000289568  0.000292738 -6.70485e-19    -0.710654     0.702957    -0.001031
   -0.280745    -0.283819  5.21968e-17      -0.2837     0.280627      0.99959
dot q: [0.277696, 0.037353, 0.179445, -0.216101, -5.7e-05, -0.368147]
STEP 56
Posizione end effector iniziale:   2.75135 -0.805341   6.49796
det = 41.6415

J inversa
    0.273917     0.283138 -8.07041e-17     0.282289    -0.273095  0.000394163
   0.0472889   -0.0137652    -0.235076     0.149635     0.121299 -0.000210498
      0.2335   -0.0685882     0.236393    -0.232476    -0.402003  0.000663689
   -0.280454    0.0826996  -0.00131724     0.778493     0.999083   -0.0016753
 0.000274889  0.000284143 -2.59569e-18     -0.71843     0.695031  -0.00100315
   -0.273917    -0.283139 -5.35124e-17     -0.28301     0.273792     0.999606
dot q: [0.272023, 0.035607, 0.180922, -0.215808, -3.5e-05, -0.362934]
STEP 57
Posizione end effector iniziale:   2.78426 -0.798371   6.49798
det = 42.2442

J inversa
    0.267297     0.282381            0     0.281533    -0.266495  0.000377856
   0.0449671   -0.0128169    -0.235144     0.148778     0.125424  -0.00021486
    0.235129   -0.0676593     0.236091     -0.22949    -0.405183  0.000661049
    -0.27977    0.0808211 -0.000947041     0.768502      1.00567  -0.00166691
 0.000260537  0.000275239 -7.59407e-19    -0.725962     0.687184 -0.000974339
   -0.267297    -0.282381   5.2075e-17    -0.282241     0.267165     0.999622
dot q: [0.266558, 0.033866, 0.182453, -0.215646, -9.7e-05, -0.357812]
STEP 58
Posizione end effector iniziale:   2.81717 -0.791402     6.498
det = 42.8466

J inversa
    0.260877     0.281551 -3.94091e-17     0.280706    -0.260094  0.000362701
   0.0426582    -0.011906    -0.235204     0.147895     0.129476  -0.00021856
    0.236766   -0.0667459       0.2358     -0.22655    -0.408319  0.000657562
   -0.279107    0.0789947 -0.000595807     0.758659      1.01205  -0.00165587
 0.000247256  0.000266851  2.73294e-18    -0.733259     0.679415 -0.000947444
   -0.260877    -0.281551  5.33573e-17    -0.281402     0.260738     0.999638
dot q: [0.261191, 0.032121, 0.183964, -0.215422, -0.000112, -0.352814]
STEP 59
Posizione end effector iniziale:   2.85009 -0.784436   6.49802
det = 43.4485

J inversa
     0.25465     0.280656  7.79079e-17     0.279814    -0.253886  0.000348081
   0.0403623   -0.0110311    -0.235256      0.14699     0.133458 -0.000221995
    0.238412   -0.0658479      0.23552    -0.223656    -0.411414    0.0006539
   -0.278465    0.0772194 -0.000263463     0.748968      1.01823  -0.00164431
 0.000234601  0.000258559  7.08353e-18    -0.740328     0.671727 -0.000920947
    -0.25465    -0.280656  2.66919e-18    -0.280496     0.254505     0.999652
dot q: [0.255985, 0.030393, 0.18547, -0.215175, -9.4e-05, -0.347909]
STEP 60
Posizione end effector iniziale:  2.88301 -0.77747  6.49804
det = 44.0498

J inversa
    0.248609     0.279701            0     0.278862    -0.247863  0.000333453
   0.0380789   -0.0101907    -0.235301     0.146064      0.13737 -0.000225455
    0.240065   -0.0649648     0.235251    -0.220808     -0.41447  0.000650505
   -0.277844    0.0754936  5.02763e-05     0.739425      1.02423  -0.00163371
 0.000222194  0.000249982  1.01681e-17    -0.747178     0.664122  -0.00089345
   -0.248609    -0.279701  5.60402e-17     -0.27953     0.248457     0.999667
dot q: [0.250929, 0.028661, 0.186998, -0.215019, -0.000148, -0.343183]
STEP 61
Posizione end effector iniziale:   2.91593 -0.770503   6.49806
det = 44.6504

J inversa
    0.242748     0.278691  3.80745e-17     0.277854     -0.24202  0.000319894
   0.0358074  -0.00938344    -0.235339     0.145119     0.141216 -0.000228319
    0.241728   -0.0640959     0.234993    -0.218005    -0.417491  0.000646385
   -0.277244    0.0738146  0.000345476     0.730029      1.03004  -0.00162083
 0.000210741  0.000241945  -5.6393e-18    -0.753816     0.656598  -0.00086787
   -0.242749    -0.278691 -2.07394e-18    -0.278509      0.24259      0.99968
dot q: [0.245997, 0.026936, 0.188518, -0.214792, -0.000127, -0.338559]
STEP 62
Posizione end effector iniziale:   2.94885 -0.763538   6.49808
det = 45.2502

J inversa
    0.237061      0.27763            0     0.276797     -0.23635  0.000306346
   0.0335477  -0.00860799     -0.23537     0.144158     0.144998 -0.000231237
    0.243401    -0.063241     0.234748    -0.215247     -0.42048  0.000642597
   -0.276665    0.0721816  0.000622309     0.720778      1.03568  -0.00160906
 0.000199527  0.000233673 -1.19133e-17    -0.760251     0.649157  -0.00084141
   -0.237061    -0.277631   4.7777e-17    -0.277437     0.236896     0.999694
dot q: [0.241205, 0.025196, 0.190074, -0.214693, -0.000144, -0.33406]
STEP 63
Posizione end effector iniziale:  2.98177 -0.75657   6.4981
det = 45.8489

J inversa
    0.231541     0.276524 -3.72338e-17     0.275694    -0.230846  0.000294347
    0.031299  -0.00786311    -0.235395     0.143181      0.14872 -0.000233844
    0.245084   -0.0623997     0.234514    -0.212534    -0.423439  0.000638911
   -0.276107    0.0705925   0.00088072     0.711671      1.04116  -0.00159702
 0.000189536  0.000226359  8.30922e-18    -0.766488       0.6418 -0.000818347
   -0.231541    -0.276524  5.50682e-17    -0.276322     0.231372     0.999706
dot q: [0.236554, 0.023486, 0.191609, -0.214488, -0.0002, -0.329627]
STEP 64
Posizione end effector iniziale: 3.01468 -0.7496 6.49812
det = 46.4465

J inversa
    0.226182     0.275376            0      0.27455    -0.225503  0.000282208
   0.0290609  -0.00714772    -0.235414     0.142191     0.152382 -0.000235886
    0.246777   -0.0615713     0.234293    -0.209864    -0.426371  0.000634098
    -0.27557    0.0690451   0.00112111     0.702704      1.04648  -0.00158219
 0.000179658  0.000218734  -2.4625e-17    -0.772536     0.634526 -0.000794084
   -0.226182    -0.275376 -8.80211e-18    -0.275164     0.226007     0.999718
dot q: [0.231992, 0.021785, 0.193122, -0.214274, -0.000178, -0.325325]
STEP 65
Posizione end effector iniziale:   3.04761 -0.742633   6.49814
det = 47.0427

J inversa
    0.220979     0.274191            0     0.273368    -0.220316  0.000269989
   0.0268333  -0.00646056    -0.235428     0.141189     0.155986 -0.000238002
    0.248482   -0.0607558     0.234084    -0.207238    -0.429278  0.000629614
   -0.275055    0.0675391   0.00134367     0.693879      1.05164  -0.00156848
  0.00016993  0.000210849  5.18804e-18      -0.7784     0.627338  -0.00076878
   -0.220979    -0.274191 -5.01885e-17    -0.273967     0.220799      0.99973
dot q: [0.227587, 0.020057, 0.19471, -0.214187, -0.000228, -0.321165]
STEP 66
Posizione end effector iniziale:   3.08052 -0.735663   6.49816
det = 47.6375

J inversa
    0.215927     0.272971  3.60401e-17     0.272151    -0.215279  0.000258791
   0.0246153  -0.00580062    -0.235437     0.140176     0.159536 -0.000239555
    0.250198   -0.0599526     0.233889    -0.204654    -0.432164  0.000624463
   -0.274561    0.0660721   0.00154819      0.68519      1.05667  -0.00155267
 0.000161035  0.000203578  1.30067e-17    -0.784087     0.620233 -0.000745595
   -0.215927    -0.272971  4.52423e-18    -0.272737     0.215741     0.999742
dot q: [0.223275, 0.018348, 0.196265, -0.214041, -0.000241, -0.317026]
STEP 67
Posizione end effector iniziale:   3.11345 -0.728695   6.49818
det = 48.2306

J inversa
    0.211019      0.27172  -3.5659e-17     0.270904    -0.210386   0.00024796
   0.0224067  -0.00516685    -0.235441     0.139155     0.163033 -0.000240877
    0.251927   -0.0591615     0.233706    -0.202113    -0.435031  0.000619129
   -0.274089    0.0646431   0.00173496     0.676638      1.06155  -0.00153639
 0.000152548  0.000196428  2.90215e-17    -0.789604     0.613212 -0.000722729
    -0.21102     -0.27172  9.92978e-18    -0.271475      0.21083     0.999752
dot q: [0.219081, 0.016651, 0.197816, -0.213868, -0.000216, -0.313107]
STEP 68
Posizione end effector iniziale:   3.14636 -0.721723    6.4982
det = 48.8219

J inversa
    0.206253     0.270441 -3.52859e-17     0.269629    -0.205634   0.00023701
   0.0202072  -0.00455816    -0.235441     0.138125     0.166478 -0.000242308
    0.253668   -0.0583821     0.233537    -0.199615     -0.43788  0.000614173
   -0.273638    0.0632512   0.00190417      0.66822      1.06631  -0.00152138
  0.00014416  0.000189024 -7.87954e-18    -0.794956     0.606276 -0.000698782
   -0.206253    -0.270441  4.92832e-17    -0.270185     0.206058     0.999763
dot q: [0.214995, 0.014945, 0.199407, -0.213803, -0.000264, -0.309165]
STEP 69
Posizione end effector iniziale:   3.17929 -0.714754   6.49822
det = 49.4112

J inversa
    0.201621     0.269137 -3.49205e-17     0.268329    -0.201016  0.000226976
    0.018016  -0.00397377    -0.235437     0.137089     0.169876 -0.000243197
    0.255423   -0.0576142     0.233381    -0.197157    -0.440716  0.000608553
   -0.273209    0.0618945    0.0020558     0.659934      1.07094  -0.00150432
 0.000136495  0.000182202  2.08205e-17    -0.800148     0.599423 -0.000676834
   -0.201621    -0.269137  7.11036e-18    -0.268871     0.201422     0.999773
dot q: [0.211018, 0.013239, 0.201004, -0.213705, -0.000275, -0.305329]
STEP 70
Posizione end effector iniziale:  3.21221 -0.70778  6.49824
det = 49.9985

J inversa
    0.197121     0.267811 -3.45626e-17     0.267007    -0.196529  0.000217312
   0.0158328  -0.00341267    -0.235429     0.136048     0.173226 -0.000243876
    0.257192   -0.0568573     0.233239    -0.194741    -0.443539  0.000602791
   -0.272802    0.0605722   0.00218991     0.651778      1.07545   -0.0014869
 0.000129206  0.000175541 -8.73026e-19    -0.805187     0.592654 -0.000655325
   -0.197121    -0.267811 -2.29293e-19    -0.267535     0.196918     0.999783
dot q: [0.207121, 0.01155, 0.202573, -0.213557, -0.000252, -0.301671]
STEP 71
Posizione end effector iniziale:   3.24513 -0.700808   6.49826
det = 50.5833

J inversa
    0.192747     0.266465  3.42119e-17     0.265665    -0.192169  0.000207493
   0.0136573  -0.00287399    -0.235419     0.135002     0.176531 -0.000244657
    0.258976   -0.0561115     0.233112    -0.192365    -0.446353  0.000597363
   -0.272417    0.0592835   0.00230675     0.643751      1.07985  -0.00147062
 0.000121976  0.000168626  1.93223e-18    -0.810078     0.585968 -0.000632696
   -0.192747    -0.266465    6.349e-19    -0.266178     0.192539     0.999793
dot q: [0.203357, 0.009844, 0.204212, -0.213543, -0.000297, -0.298022]
STEP 72
Posizione end effector iniziale:   3.27806 -0.693837   6.49827
det = 51.1657

J inversa
    0.188495     0.265101            0     0.264306    -0.187929  0.000198576
   0.0114886  -0.00235696    -0.235406     0.133953     0.179795 -0.000244923
    0.260775   -0.0553761     0.232999    -0.190029    -0.449159  0.000591321
   -0.272055    0.0580264   0.00240618     0.635849      1.08414  -0.00145245
 0.000115417  0.000162323 -1.04087e-17    -0.814824     0.579365 -0.000612186
   -0.188495    -0.265101 -2.92508e-17    -0.264805     0.188284     0.999802
dot q: [0.199675, 0.008155, 0.205817, -0.213469, -0.000306, -0.294555]
STEP 73
Posizione end effector iniziale:   3.31098 -0.686864   6.49829
det = 51.7453

J inversa
    0.184361     0.263722            0     0.262931    -0.183808  0.000189979
  0.00932649  -0.00186078     -0.23539     0.132901     0.183017 -0.000245001
     0.26259    -0.054651     0.232902    -0.187732    -0.451961   0.00058516
   -0.271715    0.0568003   0.00248843     0.628072      1.08833  -0.00143398
 0.000109176  0.000156173 -1.95459e-18    -0.819433     0.572843 -0.000592075
   -0.184361    -0.263722 -5.59257e-19    -0.263416     0.184147      0.99981
dot q: [0.196072, 0.006466, 0.207438, -0.213369, -0.000286, -0.291042]
STEP 74
Posizione end effector iniziale:  3.34391 -0.67989  6.49831
det = 52.3221

J inversa
    0.180341      0.26233            0     0.261543      -0.1798  0.000181159
  0.00717055  -0.00138461    -0.235373     0.131847     0.186199 -0.000245165
    0.264422   -0.0539361     0.232819    -0.185474     -0.45476  0.000579257
   -0.271398    0.0556047   0.00255354     0.620418      1.09242  -0.00141648
 0.000102937  0.000149735  -8.2182e-18    -0.823908     0.566404 -0.000570684
   -0.180341     -0.26233 -2.61349e-18    -0.262013     0.180124     0.999819
dot q: [0.192562, 0.004757, 0.20911, -0.213414, -0.000287, -0.287626]
STEP 75
Posizione end effector iniziale:   3.37683 -0.672919   6.49833
det = 52.8958

J inversa
    0.176432     0.260926 -3.28776e-17     0.260143    -0.175903  0.000173555
  0.00502002 -0.000927743    -0.235354     0.130794     0.189345 -0.000245214
    0.266272   -0.0532311     0.232753    -0.183256    -0.457559  0.000573689
   -0.271103    0.0544383   0.00260135     0.612884      1.09642   -0.0013994
 9.75083e-05  0.000144205  1.51005e-17    -0.828252     0.560045 -0.000552572
   -0.176432    -0.260926 -2.10173e-17    -0.260601     0.176212     0.999827
dot q: [0.189168, 0.003075, 0.21076, -0.21336, -0.000341, -0.28442]
STEP 76
Posizione end effector iniziale:   3.40976 -0.665943   6.49835
det = 53.4662

J inversa
    0.172629     0.259512  3.25602e-17     0.258733    -0.172111  0.000165837
  0.00287438 -0.000489623    -0.235334     0.129739     0.192456 -0.000244674
     0.26814   -0.0525353     0.232702    -0.181074     -0.46036  0.000566994
   -0.270832    0.0532994   0.00263215     0.605467      1.10033  -0.00137961
 9.21266e-05  0.000138493  2.52719e-18    -0.832473     0.553767 -0.000533579
   -0.172629    -0.259512  7.86803e-19    -0.259178     0.172407     0.999835
dot q: [0.185823, 0.001401, 0.212393, -0.213287, -0.000318, -0.281199]
STEP 77
Posizione end effector iniziale:   3.44269 -0.658969   6.49837
det = 54.0331

J inversa
     0.16893      0.25809            0     0.257316    -0.168423  0.000157885
 0.000733474  -6.9447e-05    -0.235314     0.128686     0.195533 -0.000244251
    0.270027    -0.051849     0.232668    -0.178929    -0.463165  0.000560613
   -0.270584    0.0521881   0.00264605     0.598167      1.10416  -0.00136094
 8.67264e-05    0.0001325  1.21407e-17    -0.836572     0.547568 -0.000513307
    -0.16893     -0.25809  2.96452e-17    -0.257745     0.168704     0.999843
dot q: [0.182596, -0.000305, 0.214114, -0.213359, -0.000356, -0.278037]
STEP 78
Posizione end effector iniziale:   3.47561 -0.651994   6.49839
det = 54.5963

J inversa
     0.16533     0.256661 -3.19432e-17     0.255891    -0.164833  0.000150789
 -0.00140377  0.000333358    -0.235293     0.127634     0.198579 -0.000243378
    0.271935   -0.0511716      0.23265    -0.176821    -0.465977  0.000553731
   -0.270361    0.0511028   0.00264274     0.590981      1.10791  -0.00134071
 8.19022e-05  0.000127147 -4.56949e-18    -0.840555     0.541447 -0.000495313
    -0.16533    -0.256662  2.45093e-17    -0.256308     0.165102      0.99985
dot q: [0.179405, -0.001985, 0.215781, -0.213314, -0.000333, -0.274959]
STEP 79
Posizione end effector iniziale:   3.50854 -0.645017   6.49841
det = 55.1555

J inversa
    0.161826     0.255228  3.16435e-17     0.254462    -0.161341  0.000143451
 -0.00353739  0.000719472    -0.235272     0.126584     0.201594 -0.000242627
    0.273863   -0.0505033     0.232649     -0.17475    -0.468798  0.000547163
   -0.270161    0.0500434   0.00262249     0.583908      1.11159  -0.00132158
 7.70468e-05  0.000121516 -2.91743e-18    -0.844425     0.535405  -0.00047604
   -0.161826    -0.255228  -2.6637e-17    -0.254864     0.161596     0.999857
dot q: [0.176328, -0.003678, 0.217523, -0.213417, -0.000371, -0.271987]
STEP 80
Posizione end effector iniziale:   3.54147 -0.638042   6.49843
det = 55.7106

J inversa
    0.158416      0.25379  3.13492e-17     0.253028    -0.157941  0.000136905
  -0.0056685   0.00108942    -0.235252     0.125536     0.204582 -0.000241426
    0.275812   -0.0498435     0.232666    -0.172715     -0.47163   0.00054007
   -0.269985    0.0490085   0.00258516     0.576945      1.11519  -0.00130085
  7.2711e-05  0.000116486  2.02316e-18    -0.848186      0.52944 -0.000458925
   -0.158416     -0.25379   5.3272e-19    -0.253418     0.158184     0.999863
dot q: [0.173307, -0.005376, 0.219254, -0.213461, -0.000378, -0.269065]
STEP 81
Posizione end effector iniziale:   3.57439 -0.631062   6.49845
det = 56.2613

J inversa
    0.155096     0.252349            0     0.251592    -0.154631  0.000130619
 -0.00779734   0.00144379    -0.235232     0.124492     0.207544 -0.000240068
    0.277785   -0.0491922     0.232702    -0.170714    -0.474476  0.000532875
   -0.269834    0.0479976   0.00253071      0.57009      1.11873  -0.00127991
 6.86002e-05  0.000111616 -7.03057e-18    -0.851841      0.52355  -0.00044225
   -0.155096    -0.252349  2.38257e-17    -0.251969     0.154862      0.99987
dot q: [0.170356, -0.007057, 0.220986, -0.213477, -0.000356, -0.266155]
STEP 82
Posizione end effector iniziale:   3.60732 -0.624085   6.49846
det = 56.8074

J inversa
    0.151864     0.250906 -3.07769e-17     0.250153    -0.151408  0.000124047
 -0.00992448    0.0017832    -0.235214     0.123451     0.210481  -0.00023883
    0.279781   -0.0485493     0.232755    -0.168749    -0.477337  0.000525961
   -0.269708    0.0470103   0.00245929     0.563343      1.12221     -0.00126
 6.44248e-05  0.000106441 -3.33874e-18    -0.855395     0.517737 -0.000424175
   -0.151864    -0.250906 -9.09547e-19    -0.250516     0.151628     0.999876
dot q: [0.167488, -0.008762, 0.222773, -0.213612, -0.000394, -0.26343]
STEP 83
Posizione end effector iniziale:   3.64025 -0.617111   6.49848
det = 57.3487

J inversa
    0.148716     0.249463 -3.04985e-17     0.248715     -0.14827  0.000118216
  -0.0120508   0.00210804    -0.235198     0.122415     0.213395 -0.000237142
    0.281801   -0.0479144     0.232827    -0.166818    -0.480217  0.000518499
   -0.269608    0.0460451   0.00237063       0.5567      1.12563  -0.00123847
 6.07159e-05  0.000101848   5.7521e-18    -0.858849     0.511998  -0.00040822
   -0.148716    -0.249463   5.3432e-17    -0.249065     0.148479     0.999882
dot q: [0.164694, -0.010452, 0.224558, -0.213719, -0.000398, -0.260663]
STEP 84
Posizione end effector iniziale:   3.67318 -0.610131    6.4985
det = 57.8848

J inversa
     0.14565      0.24802            0     0.247276    -0.145213  0.000112636
  -0.0141768   0.00241888    -0.235184     0.121383     0.216289 -0.000235328
    0.283847   -0.0472872     0.232919    -0.164921    -0.483118  0.000510991
   -0.269533    0.0451018   0.00226484     0.550159        1.129  -0.00121686
 5.72094e-05  9.74193e-05 -2.43048e-18    -0.862208     0.506332 -0.000392744
    -0.14565     -0.24802 -7.60862e-19    -0.247615     0.145412     0.999888
dot q: [0.161935, -0.012142, 0.226338, -0.213774, -0.000376, -0.258036]
STEP 85
Posizione end effector iniziale:   3.70611 -0.603154   6.49852
det = 58.4156

J inversa
    0.142663     0.246578 -2.99566e-17     0.245838    -0.142235  0.000106765
  -0.0163029   0.00271625    -0.235173     0.120357     0.219163  -0.00023364
     0.28592   -0.0466679     0.233031    -0.163057     -0.48604  0.000503762
   -0.269485    0.0441801   0.00214189     0.543721      1.13231  -0.00119629
 5.36282e-05  9.26907e-05  1.84758e-17    -0.865475     0.500739 -0.000375868
   -0.142663    -0.246578  3.11266e-17    -0.246164     0.142423     0.999894
dot q: [0.159261, -0.013863, 0.228209, -0.214005, -0.000367, -0.255377]
STEP 86
Posizione end effector iniziale:   3.73903 -0.596171   6.49854
det = 58.9408

J inversa
    0.139753     0.245138 -2.96928e-17     0.244403    -0.139334  0.000101917
  -0.0184301   0.00300064    -0.235164     0.119336     0.222021 -0.000231981
     0.28802   -0.0460564     0.233163    -0.161227    -0.488989   0.00049703
   -0.269463    0.0432792   0.00200141     0.537382      1.13558  -0.00117654
 5.06281e-05  8.88057e-05  -3.7672e-18    -0.868651     0.495218 -0.000362231
   -0.139753    -0.245138 -1.00575e-18    -0.244718     0.139513     0.999898
dot q: [0.156656, -0.015558, 0.230042, -0.214121, -0.000419, -0.252843]
STEP 87
Posizione end effector iniziale:   3.77197 -0.589193   6.49856
det = 59.4601

J inversa
    0.136918     0.243701            0      0.24297    -0.136507  9.69141e-05
  -0.0205591   0.00327229    -0.235159     0.118321     0.224863 -0.000229713
     0.29015   -0.0454519     0.233316    -0.159429    -0.491965  0.000489139
   -0.269468    0.0423977   0.00184359      0.53114      1.13881  -0.00115417
 4.76128e-05  8.47465e-05  2.17385e-18    -0.871742     0.489767 -0.000347714
   -0.136918    -0.243701  5.55477e-19    -0.243273     0.136677     0.999903
dot q: [0.154102, -0.017249, 0.23189, -0.214242, -0.000401, -0.250352]
STEP 88
Posizione end effector iniziale:    3.8049 -0.582215   6.49858
det = 59.9732

J inversa
    0.134154     0.242267 -2.91788e-17      0.24154    -0.133752  9.16067e-05
  -0.0226904   0.00353181    -0.235159     0.117312     0.227691 -0.000227533
    0.292309   -0.0448547      0.23349    -0.157663    -0.494971  0.000481441
   -0.269501    0.0415358   0.00166842     0.524995      1.14199  -0.00113261
 4.45107e-05  8.03814e-05  -1.1467e-18    -0.874749     0.484387 -0.000331757
   -0.134154    -0.242267  2.56519e-17    -0.241831     0.133912     0.999909
dot q: [0.151619, -0.018978, 0.233807, -0.214487, -0.000431, -0.247928]
STEP 89
Posizione end effector iniziale:   3.83783 -0.575232   6.49859
det = 60.4799

J inversa
     0.13146     0.240838  2.89284e-17     0.240115    -0.131066  8.70207e-05
  -0.0248249   0.00377949    -0.235162      0.11631     0.230507 -0.000224981
      0.2945   -0.0442643     0.233687    -0.155928    -0.498011  0.000473336
   -0.269562    0.0406923   0.00147541     0.518943      1.14514  -0.00110983
 4.18186e-05  7.66124e-05  1.92136e-17    -0.877675     0.479075  -0.00031808
    -0.13146    -0.240838  3.12275e-17    -0.240394     0.131218     0.999913
dot q: [0.149179, -0.020697, 0.23574, -0.214711, -0.000436, -0.245545]
STEP 90
Posizione end effector iniziale:   3.87076 -0.568252   6.49861
det = 60.9798

J inversa
    0.128834     0.239413 -2.86823e-17     0.238694    -0.128448  8.26268e-05
  -0.0269634   0.00401581     -0.23517     0.115314     0.233313 -0.000222299
    0.296724    -0.043681     0.233906    -0.154225    -0.501086  0.000465138
   -0.269652    0.0398672   0.00126457     0.512983      1.14826  -0.00108688
 3.92723e-05  7.29796e-05 -7.53393e-18    -0.880521     0.473832 -0.000304803
   -0.128834    -0.239413 -2.79958e-17    -0.238963     0.128592     0.999918
dot q: [0.146788, -0.022406, 0.237651, -0.214876, -0.000414, -0.243157]
STEP 91
Posizione end effector iniziale:   3.90369 -0.561269   6.49863
det = 61.4727

J inversa
    0.126274     0.237993            0     0.237279    -0.125895  7.79148e-05
  -0.0291064   0.00424117    -0.235184     0.114326      0.23611 -0.000219751
    0.298982   -0.0431044     0.234148    -0.152553    -0.504198  0.000457208
   -0.269771    0.0390602   0.00103589     0.507116      1.15134  -0.00106494
  3.6628e-05   6.9034e-05 -6.51214e-18    -0.883293     0.468656 -0.000290045
   -0.126274    -0.237993 -1.76562e-18    -0.237535     0.126031     0.999922
dot q: [0.144471, -0.024142, 0.239657, -0.215204, -0.000444, -0.240944]
STEP 92
Posizione end effector iniziale:   3.93661 -0.554285   6.49865
det = 61.9583

J inversa
    0.123777     0.236579            0     0.235869    -0.123405  7.39048e-05
  -0.0312551   0.00445588    -0.235204     0.113346     0.238902 -0.000216831
    0.301275   -0.0425343     0.234415    -0.150912    -0.507352   0.00044886
    -0.26992      0.03827  0.000788979     0.501337       1.1544  -0.00104176
 3.43639e-05  6.56808e-05  6.43597e-18     -0.88599     0.463546 -0.000277607
   -0.123777    -0.236579  1.71517e-18    -0.236115     0.123534     0.999926
dot q: [0.142186, -0.025871, 0.241634, -0.215413, -0.000421, -0.238704]
STEP 93
Posizione end effector iniziale:   3.96954 -0.547303   6.49867
det = 62.4363

J inversa
    0.121341     0.235171 -2.79685e-17     0.234465    -0.120977  6.95545e-05
    -0.03341   0.00466035     -0.23523     0.112373     0.241688 -0.000214059
    0.303605   -0.0419708     0.234706    -0.149301    -0.510549  0.000440793
   -0.270099    0.0374969  0.000523772     0.495647      1.15744  -0.00101963
  3.1989e-05  6.19975e-05  -9.7031e-19    -0.888616     0.458501 -0.000263609
   -0.121342    -0.235171  2.58086e-17    -0.234699     0.121098     0.999931
dot q: [0.139981, -0.027626, 0.243703, -0.215783, -0.000455, -0.236488]
STEP 94
Posizione end effector iniziale:   4.00247 -0.540321   6.49869
det = 62.9063

J inversa
    0.118966     0.233769  5.54768e-17     0.233068    -0.118609  6.58665e-05
  -0.0355725   0.00485484    -0.235263     0.111408     0.244473  -0.00021087
    0.305974   -0.0414134     0.235023    -0.147719    -0.513792  0.000432203
    -0.27031    0.0367397  0.000239852     0.490042      1.16046  -0.00099603
 2.99636e-05  5.88789e-05 -1.20119e-18    -0.891172      0.45352 -0.000251851
   -0.118966    -0.233769 -2.64139e-17    -0.233292     0.118723     0.999934
dot q: [0.137798, -0.029376, 0.24576, -0.216098, -0.000455, -0.234399]
STEP 95
Posizione end effector iniziale:   4.03541 -0.533338    6.4987
det = 63.368

J inversa
    0.116648     0.232374 -2.75121e-17     0.231677    -0.116298  6.23258e-05
   -0.037743   0.00503973    -0.235303     0.110452     0.247256 -0.000207605
    0.308384   -0.0408623     0.235366    -0.146168    -0.517086    0.0004236
   -0.270552    0.0359983 -6.28968e-05     0.484522      1.16346 -0.000972495
 2.80454e-05  5.58693e-05 -3.36393e-18    -0.893662     0.448603 -0.000240413
   -0.116648    -0.232374 -8.73765e-19    -0.231892     0.116406     0.999938
dot q: [0.135657, -0.031122, 0.247837, -0.216412, -0.00039, -0.232243]
STEP 96
Posizione end effector iniziale:   4.06833 -0.526354   6.49872
det = 63.821

J inversa
    0.114387     0.230987 -2.72894e-17     0.230294    -0.114043  5.86717e-05
  -0.0399226   0.00521548    -0.235351     0.109505      0.25004 -0.000204961
    0.310835   -0.0403175     0.235736    -0.144646     -0.52043  0.000416257
   -0.270827    0.0352731 -0.000384613     0.479086      1.16644 -0.000952201
 2.61154e-05  5.27362e-05 -3.83758e-18    -0.896086     0.443748 -0.000228294
   -0.114387    -0.230987 -9.87134e-19    -0.230499     0.114145     0.999942
dot q: [0.133595, -0.032904, 0.249988, -0.216811, -0.00047, -0.230271]
STEP 97
Posizione end effector iniziale:   4.10127 -0.519371   6.49874
det = 64.2651

J inversa
     0.11218     0.229608            0     0.228919    -0.111843   5.5386e-05
  -0.0421125   0.00538207    -0.235408     0.108566     0.252828 -0.000201385
     0.31333   -0.0397782     0.236134    -0.143152    -0.523832  0.000407295
   -0.271136    0.0345619 -0.000725867     0.473731      1.16942 -0.000928017
 2.43865e-05  4.99139e-05  1.58291e-17    -0.898447     0.438955 -0.000217376
    -0.11218    -0.229608   4.0366e-18    -0.229114     0.111938     0.999945
dot q: [0.131564, -0.034684, 0.252161, -0.217214, -0.000471, -0.228218]
STEP 98
Posizione end effector iniziale:    4.1342 -0.512384   6.49875
det = 64.6998

J inversa
    0.110025     0.228236            0     0.227551    -0.109695  5.22572e-05
  -0.0443135   0.00553996    -0.235474     0.107636     0.255622 -0.000197724
     0.31587   -0.0392447      0.23656    -0.141688    -0.527292  0.000398295
   -0.271479    0.0338652  -0.00108686     0.468457      1.17239 -0.000903842
 2.27607e-05  4.72147e-05 -1.11332e-17    -0.900748     0.434222 -0.000206857
   -0.110025    -0.228236 -2.79973e-18    -0.227738     0.109785     0.999948
dot q: [0.129571, -0.036461, 0.254331, -0.217566, -0.000451, -0.22631]
STEP 99
Posizione end effector iniziale:   4.16712 -0.505396   6.49877
det = 65.1248

J inversa
    0.107923     0.226873 -2.66424e-17     0.226192    -0.107599  4.87705e-05
  -0.0465266   0.00568945    -0.235549     0.106715     0.258422 -0.000194181
    0.318458   -0.0387168     0.237017    -0.140251    -0.530814  0.000389501
   -0.271858    0.0331828  -0.00146778     0.463262      1.17535 -0.000880553
 2.10134e-05  4.41739e-05 -1.47365e-18    -0.902989     0.429549 -0.000194698
   -0.107923    -0.226873  2.59244e-17    -0.226368     0.107683     0.999951
dot q: [0.127627, -0.03827, 0.256606, -0.218089, -0.000478, -0.224341]

Posizione end effector raggiunta:   4.20006 -0.498414   6.49879
CHECK COLLISIONI STEP 0
NO COLLISIONI

CHECK COLLISIONI STEP 1
NO COLLISIONI

CHECK COLLISIONI STEP 2
NO COLLISIONI

CHECK COLLISIONI STEP 3
NO COLLISIONI

CHECK COLLISIONI STEP 4
NO COLLISIONI

CHECK COLLISIONI STEP 5
NO COLLISIONI

CHECK COLLISIONI STEP 6
NO COLLISIONI

CHECK COLLISIONI STEP 7
NO COLLISIONI

CHECK COLLISIONI STEP 8
NO COLLISIONI

CHECK COLLISIONI STEP 9
NO COLLISIONI

CHECK COLLISIONI STEP 10
NO COLLISIONI

CHECK COLLISIONI STEP 11
NO COLLISIONI

CHECK COLLISIONI STEP 12
NO COLLISIONI

CHECK COLLISIONI STEP 13
NO COLLISIONI

CHECK COLLISIONI STEP 14
NO COLLISIONI

CHECK COLLISIONI STEP 15
NO COLLISIONI

CHECK COLLISIONI STEP 16
NO COLLISIONI

CHECK COLLISIONI STEP 17
NO COLLISIONI

CHECK COLLISIONI STEP 18
NO COLLISIONI

CHECK COLLISIONI STEP 19
NO COLLISIONI

CHECK COLLISIONI STEP 20
NO COLLISIONI

CHECK COLLISIONI STEP 21
NO COLLISIONI

CHECK COLLISIONI STEP 22
NO COLLISIONI

CHECK COLLISIONI STEP 23
NO COLLISIONI

CHECK COLLISIONI STEP 24
NO COLLISIONI

CHECK COLLISIONI STEP 25
NO COLLISIONI

CHECK COLLISIONI STEP 26
NO COLLISIONI

CHECK COLLISIONI STEP 27
NO COLLISIONI

CHECK COLLISIONI STEP 28
NO COLLISIONI

CHECK COLLISIONI STEP 29
NO COLLISIONI

CHECK COLLISIONI STEP 30
NO COLLISIONI

CHECK COLLISIONI STEP 31
NO COLLISIONI

CHECK COLLISIONI STEP 32
NO COLLISIONI

CHECK COLLISIONI STEP 33
NO COLLISIONI

CHECK COLLISIONI STEP 34
NO COLLISIONI

CHECK COLLISIONI STEP 35
NO COLLISIONI

CHECK COLLISIONI STEP 36
NO COLLISIONI

CHECK COLLISIONI STEP 37
NO COLLISIONI

CHECK COLLISIONI STEP 38
NO COLLISIONI

CHECK COLLISIONI STEP 39
NO COLLISIONI

CHECK COLLISIONI STEP 40
NO COLLISIONI

CHECK COLLISIONI STEP 41
NO COLLISIONI

CHECK COLLISIONI STEP 42
NO COLLISIONI

CHECK COLLISIONI STEP 43
NO COLLISIONI

CHECK COLLISIONI STEP 44
NO COLLISIONI

CHECK COLLISIONI STEP 45
NO COLLISIONI

CHECK COLLISIONI STEP 46
NO COLLISIONI

CHECK COLLISIONI STEP 47
NO COLLISIONI

CHECK COLLISIONI STEP 48
NO COLLISIONI

CHECK COLLISIONI STEP 49
NO COLLISIONI

CHECK COLLISIONI STEP 50
NO COLLISIONI

CHECK COLLISIONI STEP 51
NO COLLISIONI

CHECK COLLISIONI STEP 52
NO COLLISIONI

CHECK COLLISIONI STEP 53
NO COLLISIONI

CHECK COLLISIONI STEP 54
NO COLLISIONI

CHECK COLLISIONI STEP 55
NO COLLISIONI

CHECK COLLISIONI STEP 56
NO COLLISIONI

CHECK COLLISIONI STEP 57
NO COLLISIONI

CHECK COLLISIONI STEP 58
NO COLLISIONI

CHECK COLLISIONI STEP 59
NO COLLISIONI

CHECK COLLISIONI STEP 60
NO COLLISIONI

CHECK COLLISIONI STEP 61
NO COLLISIONI

CHECK COLLISIONI STEP 62
NO COLLISIONI

CHECK COLLISIONI STEP 63
NO COLLISIONI

CHECK COLLISIONI STEP 64
NO COLLISIONI

CHECK COLLISIONI STEP 65
NO COLLISIONI

CHECK COLLISIONI STEP 66
NO COLLISIONI

CHECK COLLISIONI STEP 67
NO COLLISIONI

CHECK COLLISIONI STEP 68
NO COLLISIONI

CHECK COLLISIONI STEP 69
NO COLLISIONI

CHECK COLLISIONI STEP 70
NO COLLISIONI

CHECK COLLISIONI STEP 71
NO COLLISIONI

CHECK COLLISIONI STEP 72
NO COLLISIONI

CHECK COLLISIONI STEP 73
NO COLLISIONI

CHECK COLLISIONI STEP 74
NO COLLISIONI

CHECK COLLISIONI STEP 75
NO COLLISIONI

CHECK COLLISIONI STEP 76
NO COLLISIONI

CHECK COLLISIONI STEP 77
NO COLLISIONI

CHECK COLLISIONI STEP 78
NO COLLISIONI

CHECK COLLISIONI STEP 79
NO COLLISIONI

CHECK COLLISIONI STEP 80
NO COLLISIONI

CHECK COLLISIONI STEP 81
NO COLLISIONI

CHECK COLLISIONI STEP 82
NO COLLISIONI

CHECK COLLISIONI STEP 83
NO COLLISIONI

CHECK COLLISIONI STEP 84
NO COLLISIONI

CHECK COLLISIONI STEP 85
NO COLLISIONI

CHECK COLLISIONI STEP 86
NO COLLISIONI

CHECK COLLISIONI STEP 87
NO COLLISIONI

CHECK COLLISIONI STEP 88
NO COLLISIONI

CHECK COLLISIONI STEP 89
NO COLLISIONI

CHECK COLLISIONI STEP 90
NO COLLISIONI

CHECK COLLISIONI STEP 91
NO COLLISIONI

CHECK COLLISIONI STEP 92
NO COLLISIONI

CHECK COLLISIONI STEP 93
NO COLLISIONI

CHECK COLLISIONI STEP 94
NO COLLISIONI

CHECK COLLISIONI STEP 95
NO COLLISIONI

CHECK COLLISIONI STEP 96
NO COLLISIONI

CHECK COLLISIONI STEP 97
NO COLLISIONI

CHECK COLLISIONI STEP 98
NO COLLISIONI

CHECK COLLISIONI STEP 99
NO COLLISIONI


MATRICE di q

1.12763 -0.197586 -2.0552 -2.4615 -1.57162 3.97347 
1.17059 -0.191842 -2.05123 -2.47126 -1.57155 3.93417 
1.21224 -0.186194 -2.0472 -2.48099 -1.57147 3.89572 
1.25264 -0.180645 -2.0431 -2.49067 -1.5714 3.8581 
1.29183 -0.175195 -2.03894 -2.50031 -1.57133 3.82129 
1.32985 -0.169843 -2.03473 -2.50991 -1.57125 3.78526 
1.36676 -0.16459 -2.03046 -2.51946 -1.57118 3.75 
1.40261 -0.15943 -2.02613 -2.52897 -1.57111 3.71547 
1.43742 -0.154366 -2.02174 -2.53844 -1.57103 3.68166 
1.47126 -0.149392 -2.0173 -2.54786 -1.57096 3.64854 
1.50414 -0.144508 -2.0128 -2.55725 -1.57089 3.61608 
1.53611 -0.139712 -2.00824 -2.56661 -1.57082 3.58429 
1.56721 -0.135003 -2.00362 -2.57593 -1.57075 3.55312 
1.59747 -0.130378 -1.99895 -2.58523 -1.57069 3.52257 
1.62691 -0.125837 -1.99422 -2.59449 -1.57062 3.49262 
1.65556 -0.121379 -1.98943 -2.60373 -1.57056 3.46324 
1.68346 -0.117001 -1.98458 -2.61295 -1.5705 3.43444 
1.71062 -0.112705 -1.97968 -2.62213 -1.57044 3.40619 
1.73708 -0.108487 -1.97471 -2.6313 -1.57039 3.37849 
1.76285 -0.104348 -1.96969 -2.64045 -1.57033 3.3513 
1.78796 -0.100288 -1.9646 -2.64957 -1.57028 3.32464 
1.81243 -0.0963052 -1.95946 -2.65868 -1.57023 3.29847 
1.83627 -0.0923992 -1.95425 -2.66776 -1.57018 3.27279 
1.85952 -0.0885703 -1.94899 -2.67683 -1.57013 3.2476 
1.88218 -0.0848176 -1.94366 -2.68588 -1.57009 3.22287 
1.90428 -0.0811407 -1.93828 -2.69491 -1.57005 3.19859 
1.92582 -0.0775396 -1.93283 -2.70393 -1.57001 3.17477 
1.94684 -0.0740136 -1.92733 -2.71293 -1.56997 3.15137 
1.96735 -0.070563 -1.92177 -2.72192 -1.56994 3.1284 
1.98735 -0.0671873 -1.91614 -2.73089 -1.5699 3.10585 
2.00687 -0.063886 -1.91046 -2.73984 -1.56987 3.0837 
2.02592 -0.0606594 -1.90471 -2.74878 -1.56984 3.06194 
2.04451 -0.0575072 -1.89891 -2.7577 -1.56981 3.04057 
2.06266 -0.0544289 -1.89304 -2.76661 -1.56979 3.01958 
2.08038 -0.0514243 -1.88712 -2.77551 -1.56977 2.99895 
2.09769 -0.0484936 -1.88113 -2.78439 -1.56974 2.97868 
2.11459 -0.0456365 -1.87509 -2.79326 -1.56972 2.95875 
2.1311 -0.0428525 -1.86899 -2.80211 -1.5697 2.93917 
2.14723 -0.0401419 -1.86282 -2.81095 -1.56968 2.91992 
2.16299 -0.0375043 -1.8566 -2.81978 -1.56967 2.901 
2.17839 -0.0349397 -1.85032 -2.8286 -1.56965 2.88238 
2.19344 -0.0324473 -1.84398 -2.8374 -1.56964 2.86408 
2.20815 -0.0300278 -1.83757 -2.84619 -1.56963 2.84608 
2.22254 -0.0276805 -1.83111 -2.85496 -1.56962 2.82836 
2.23661 -0.0254053 -1.82459 -2.86373 -1.56961 2.81094 
2.25037 -0.0232022 -1.81801 -2.87248 -1.5696 2.79379 
2.26382 -0.0210707 -1.81137 -2.88122 -1.56959 2.77691 
2.27699 -0.0190106 -1.80467 -2.88995 -1.56958 2.7603 
2.28987 -0.0170221 -1.79791 -2.89866 -1.56958 2.74394 
2.30248 -0.0151045 -1.79109 -2.90737 -1.56958 2.72784 
2.31482 -0.0132581 -1.78422 -2.91606 -1.56957 2.71198 
2.3269 -0.0114825 -1.77728 -2.92475 -1.56957 2.69635 
2.33872 -0.00977764 -1.77028 -2.93342 -1.56957 2.68097 
2.3503 -0.00814272 -1.76322 -2.94208 -1.56957 2.6658 
2.36164 -0.0065786 -1.75611 -2.95074 -1.56957 2.65086 
2.37275 -0.00508448 -1.74893 -2.95938 -1.56957 2.63613 
2.38363 -0.0036602 -1.74169 -2.96801 -1.56958 2.62162 
2.39429 -0.00230556 -1.73439 -2.97664 -1.56958 2.6073 
2.40474 -0.00102072 -1.72703 -2.98525 -1.56958 2.59319 
2.41498 0.000195004 -1.71962 -2.99386 -1.56959 2.57927 
2.42501 0.00134144 -1.71214 -3.00246 -1.56959 2.56555 
2.43485 0.00241888 -1.7046 -3.01105 -1.5696 2.55201 
2.4445 0.00342672 -1.69699 -3.01964 -1.5696 2.53864 
2.45397 0.00436616 -1.68933 -3.02822 -1.56961 2.52546 
2.46324 0.00523756 -1.6816 -3.03679 -1.56962 2.51244 
2.47235 0.00603984 -1.67381 -3.04536 -1.56963 2.4996 
2.48128 0.00677376 -1.66596 -3.05392 -1.56964 2.48692 
2.49004 0.0074398 -1.65805 -3.06248 -1.56965 2.47439 
2.49864 0.0080376 -1.65008 -3.07103 -1.56966 2.46203 
2.50708 0.00856716 -1.64204 -3.07958 -1.56967 2.44981 
2.51537 0.00902916 -1.63393 -3.08812 -1.56968 2.43775 
2.5235 0.00942292 -1.62576 -3.09666 -1.56969 2.42583 
2.53149 0.00974912 -1.61753 -3.1052 -1.5697 2.41404 
2.53933 0.0100078 -1.60923 -3.11373 -1.56971 2.4024 
2.54703 0.010198 -1.60087 -3.12227 -1.56973 2.3909 
2.5546 0.010321 -1.59244 -3.1308 -1.56974 2.37952 
2.56203 0.0103771 -1.58394 -3.13934 -1.56975 2.36827 
2.56934 0.0103649 -1.57538 -3.14787 -1.56977 2.35715 
2.57651 0.0102855 -1.56675 -3.1564 -1.56978 2.34615 
2.58357 0.0101384 -1.55805 -3.16494 -1.56979 2.33527 
2.5905 0.00992332 -1.54928 -3.17348 -1.56981 2.32451 
2.59731 0.00964104 -1.54044 -3.18202 -1.56982 2.31386 
2.60401 0.00929056 -1.53153 -3.19056 -1.56984 2.30333 
2.6106 0.00887248 -1.52254 -3.19911 -1.56986 2.2929 
2.61708 0.0083868 -1.51349 -3.20766 -1.56987 2.28258 
2.62345 0.00783228 -1.50436 -3.21622 -1.56988 2.27236 
2.62972 0.00720996 -1.49516 -3.22479 -1.5699 2.26225 
2.63588 0.00652 -1.48588 -3.23336 -1.56992 2.25224 
2.64194 0.00576088 -1.47653 -3.24194 -1.56993 2.24232 
2.64791 0.004933 -1.4671 -3.25052 -1.56995 2.2325 
2.65378 0.00403676 -1.4576 -3.25912 -1.56997 2.22277 
2.65956 0.00307108 -1.44801 -3.26773 -1.56999 2.21313 
2.66525 0.00203624 -1.43834 -3.27634 -1.57 2.20358 
2.67085 0.000931204 -1.4286 -3.28498 -1.57002 2.19412 
2.67636 -0.000243836 -1.41877 -3.29362 -1.57004 2.18475 
2.68179 -0.00148872 -1.40885 -3.30228 -1.57006 2.17546 
2.68713 -0.00280488 -1.39885 -3.31095 -1.57007 2.16625 
2.69239 -0.00419224 -1.38877 -3.31964 -1.57009 2.15712 
2.69758 -0.00565068 -1.37859 -3.32834 -1.57011 2.14807 
2.70268 -0.00718148 -1.36833 -3.33706 -1.57013 2.13909 

