STEP 1
Configurazione attuale: -0.414332  -1.45458  -1.77507  -1.48273   -1.5708    5.9705
dot q: [-0.081793, 0.236204, -0.206221, -0.029982, 1e-06, 0.280086]
Configurazione fine step: -0.417604  -1.44513  -1.78332  -1.48393   -1.5708   5.98171

STEP 2
Configurazione attuale: -0.417604  -1.44513  -1.78332  -1.48393   -1.5708   5.98171
dot q: [-0.082377, 0.232801, -0.20074, -0.032061, 1e-06, 0.256116]
Configurazione fine step: -0.420899  -1.43582  -1.79135  -1.48522   -1.5708   5.99195

STEP 3
Configurazione attuale: -0.420899  -1.43582  -1.79135  -1.48522   -1.5708   5.99195
dot q: [-0.083052, 0.229774, -0.195696, -0.034078, 1e-06, 0.233695]
Configurazione fine step: -0.424221  -1.42663  -1.79918  -1.48658   -1.5708    6.0013

STEP 4
Configurazione attuale: -0.424221  -1.42663  -1.79918  -1.48658   -1.5708    6.0013
dot q: [-0.083828, 0.227062, -0.191034, -0.036028, 1e-06, 0.212808]
Configurazione fine step: -0.427574  -1.41754  -1.80682  -1.48802   -1.5708   6.00981

STEP 5
Configurazione attuale: -0.427574  -1.41754  -1.80682  -1.48802   -1.5708   6.00981
dot q: [-0.084699, 0.224626, -0.186703, -0.037924, 0, 0.193262]
Configurazione fine step: -0.430962  -1.40856  -1.81429  -1.48954   -1.5708   6.01754

STEP 6
Configurazione attuale: -0.430962  -1.40856  -1.81429  -1.48954   -1.5708   6.01754
dot q: [-0.085642, 0.222442, -0.182663, -0.039779, 0, 0.175083]
Configurazione fine step: -0.434388  -1.39966   -1.8216  -1.49113   -1.5708   6.02455

STEP 7
Configurazione attuale: -0.434388  -1.39966   -1.8216  -1.49113   -1.5708   6.02455
dot q: [-0.08667, 0.22046, -0.17888, -0.04158, 0, 0.158102]
Configurazione fine step: -0.437855  -1.39084  -1.82875  -1.49279   -1.5708   6.03087

STEP 8
Configurazione attuale: -0.437855  -1.39084  -1.82875  -1.49279   -1.5708   6.03087
dot q: [-0.087782, 0.21866, -0.175296, -0.043362, 0, 0.14225]
Configurazione fine step: -0.441366   -1.3821  -1.83576  -1.49453   -1.5708   6.03656

STEP 9
Configurazione attuale: -0.441366   -1.3821  -1.83576  -1.49453   -1.5708   6.03656
dot q: [-0.08896, 0.217029, -0.171918, -0.045112, 0, 0.127551]
Configurazione fine step: -0.444924  -1.37341  -1.84264  -1.49633   -1.5708   6.04166

STEP 10
Configurazione attuale: -0.444924  -1.37341  -1.84264  -1.49633   -1.5708   6.04166
dot q: [-0.090209, 0.215521, -0.168691, -0.046831, 0, 0.113886]
Configurazione fine step: -0.448533  -1.36479  -1.84939   -1.4982   -1.5708   6.04622

STEP 11
Configurazione attuale: -0.448533  -1.36479  -1.84939   -1.4982   -1.5708   6.04622
dot q: [-0.091531, 0.214128, -0.165608, -0.048521, -0, 0.101108]
Configurazione fine step: -0.452194  -1.35623  -1.85601  -1.50014   -1.5708   6.05026

STEP 12
Configurazione attuale: -0.452194  -1.35623  -1.85601  -1.50014   -1.5708   6.05026
dot q: [-0.092911, 0.212843, -0.162659, -0.050182, 0, 0.089344]
Configurazione fine step: -0.45591 -1.34771 -1.86252 -1.50215  -1.5708  6.05383

STEP 13
Configurazione attuale: -0.45591 -1.34771 -1.86252 -1.50215  -1.5708  6.05383
dot q: [-0.094361, 0.211637, -0.159803, -0.051835, -0, 0.078339]
Configurazione fine step: -0.459685  -1.33925  -1.86891  -1.50423   -1.5708   6.05697

STEP 14
Configurazione attuale: -0.459685  -1.33925  -1.86891  -1.50423   -1.5708   6.05697
dot q: [-0.095871, 0.210501, -0.157045, -0.053457, -0, 0.068202]
Configurazione fine step: -0.46352 -1.33083 -1.87519 -1.50636  -1.5708   6.0597

STEP 15
Configurazione attuale: -0.46352 -1.33083 -1.87519 -1.50636  -1.5708   6.0597
dot q: [-0.09745, 0.209415, -0.154362, -0.055051, 0, 0.058835]
Configurazione fine step: -0.467418  -1.32245  -1.88137  -1.50857   -1.5708   6.06205

STEP 16
Configurazione attuale: -0.467418  -1.32245  -1.88137  -1.50857   -1.5708   6.06205
dot q: [-0.099078, 0.208385, -0.151756, -0.056627, 0, 0.050164]
Configurazione fine step: -0.471381  -1.31412  -1.88744  -1.51083   -1.5708   6.06406

STEP 17
Configurazione attuale: -0.471381  -1.31412  -1.88744  -1.51083   -1.5708   6.06406
dot q: [-0.100773, 0.207387, -0.149215, -0.05817, 0, 0.042165]
Configurazione fine step: -0.475412  -1.30582  -1.89341  -1.51316   -1.5708   6.06574

STEP 18
Configurazione attuale: -0.475412  -1.30582  -1.89341  -1.51316   -1.5708   6.06574
dot q: [-0.102533, 0.206409, -0.14671, -0.0597, 3e-06, 0.034816]
Configurazione fine step: -0.479513  -1.29757  -1.89927  -1.51555   -1.5708   6.06714

STEP 19
Configurazione attuale: -0.479513  -1.29757  -1.89927  -1.51555   -1.5708   6.06714
dot q: [-0.104342, 0.205464, -0.144261, -0.061205, -0, 0.028067]
Configurazione fine step: -0.483687  -1.28935  -1.90504  -1.51799   -1.5708   6.06826

STEP 20
Configurazione attuale: -0.483687  -1.28935  -1.90504  -1.51799   -1.5708   6.06826
dot q: [-0.106213, 0.204526, -0.14185, -0.062675, -0, 0.021915]
Configurazione fine step: -0.487935  -1.28117  -1.91072   -1.5205   -1.5708   6.06914

STEP 21
Configurazione attuale: -0.487935  -1.28117  -1.91072   -1.5205   -1.5708   6.06914
dot q: [-0.108153, 0.203587, -0.139468, -0.064118, -0, 0.016251]
Configurazione fine step: -0.492261  -1.27302   -1.9163  -1.52307   -1.5708   6.06979

STEP 22
Configurazione attuale: -0.492261  -1.27302   -1.9163  -1.52307   -1.5708   6.06979
dot q: [-0.110138, 0.202656, -0.137128, -0.06553, -1e-06, 0.011189]
Configurazione fine step: -0.496667  -1.26492  -1.92178  -1.52569   -1.5708   6.07023

STEP 23
Configurazione attuale: -0.496667  -1.26492  -1.92178  -1.52569   -1.5708   6.07023
dot q: [-0.112187, 0.201717, -0.134797, -0.066919, -0, 0.006517]
Configurazione fine step: -0.501154  -1.25685  -1.92717  -1.52836   -1.5708   6.07049

STEP 24
Configurazione attuale: -0.501154  -1.25685  -1.92717  -1.52836   -1.5708   6.07049
dot q: [-0.114307, 0.20076, -0.132491, -0.068271, -1e-06, 0.002328]
Configurazione fine step: -0.505727  -1.24882  -1.93247  -1.53109   -1.5708   6.07059

STEP 25
Configurazione attuale: -0.505727  -1.24882  -1.93247  -1.53109   -1.5708   6.07059
dot q: [-0.116473, 0.199806, -0.130213, -0.069592, -0, -0.001338]
Configurazione fine step: -0.510385  -1.24082  -1.93768  -1.53388   -1.5708   6.07053

STEP 26
Configurazione attuale: -0.510385  -1.24082  -1.93768  -1.53388   -1.5708   6.07053
dot q: [-0.118706, 0.198814, -0.127945, -0.070871, -1e-06, -0.004719]
Configurazione fine step: -0.515134  -1.23287   -1.9428  -1.53671   -1.5708   6.07034

STEP 27
Configurazione attuale: -0.515134  -1.23287   -1.9428  -1.53671   -1.5708   6.07034
dot q: [-0.121015, 0.197789, -0.125695, -0.072055, -3.4e-05, -0.007611]
Configurazione fine step: -0.519974  -1.22496  -1.94783  -1.53959   -1.5708   6.07004

STEP 28
Configurazione attuale: -0.519974  -1.22496  -1.94783  -1.53959   -1.5708   6.07004
dot q: [-0.123356, 0.196771, -0.12345, -0.07332, 6e-06, -0.010131]
Configurazione fine step: -0.524909  -1.21709  -1.95277  -1.54253   -1.5708   6.06963

STEP 29
Configurazione attuale: -0.524909  -1.21709  -1.95277  -1.54253   -1.5708   6.06963
dot q: [-0.125776, 0.195709, -0.12122, -0.074488, 6e-06, -0.012403]
Configurazione fine step: -0.52994 -1.20926 -1.95761 -1.54551  -1.5708  6.06914

STEP 30
Configurazione attuale: -0.52994 -1.20926 -1.95761 -1.54551  -1.5708  6.06914
dot q: [-0.128271, 0.194601, -0.118999, -0.075604, 6e-06, -0.0142]
Configurazione fine step: -0.53507 -1.20148 -1.96237 -1.54853  -1.5708  6.06857

STEP 31
Configurazione attuale: -0.53507 -1.20148 -1.96237 -1.54853  -1.5708  6.06857
dot q: [-0.130819, 0.193471, -0.11679, -0.076684, 6e-06, -0.015725]
Configurazione fine step: -0.540303  -1.19374  -1.96705   -1.5516   -1.5708   6.06794

STEP 32
Configurazione attuale: -0.540303  -1.19374  -1.96705   -1.5516   -1.5708   6.06794
dot q: [-0.133436, 0.192297, -0.114591, -0.077708, 6e-06, -0.01696]
Configurazione fine step: -0.545641  -1.18605  -1.97163  -1.55471   -1.5708   6.06726

STEP 33
Configurazione attuale: -0.545641  -1.18605  -1.97163  -1.55471   -1.5708   6.06726
dot q: [-0.136128, 0.191073, -0.112381, -0.078694, 6e-06, -0.017868]
Configurazione fine step: -0.551086   -1.1784  -1.97612  -1.55785   -1.5708   6.06655

STEP 34
Configurazione attuale: -0.551086   -1.1784  -1.97612  -1.55785   -1.5708   6.06655
dot q: [-0.138877, 0.189816, -0.110194, -0.079625, 6e-06, -0.018504]
Configurazione fine step: -0.556641  -1.17081  -1.98053  -1.56104   -1.5708   6.06581

STEP 35
Configurazione attuale: -0.556641  -1.17081  -1.98053  -1.56104   -1.5708   6.06581
dot q: [-0.141704, 0.188508, -0.108006, -0.080504, 3e-06, -0.018857]
Configurazione fine step: -0.562309  -1.16327  -1.98485  -1.56426   -1.5708   6.06505

STEP 36
Configurazione attuale: -0.562309  -1.16327  -1.98485  -1.56426   -1.5708   6.06505
dot q: [-0.144608, 0.187143, -0.105823, -0.081322, 3e-06, -0.018987]
Configurazione fine step: -0.568093  -1.15578  -1.98909  -1.56751   -1.5708   6.06429

STEP 37
Configurazione attuale: -0.568093  -1.15578  -1.98909  -1.56751   -1.5708   6.06429
dot q: [-0.14757, 0.185737, -0.103658, -0.08208, 3e-06, -0.018826]
Configurazione fine step: -0.573996  -1.14836  -1.99323   -1.5708   -1.5708   6.06354

STEP 38
Configurazione attuale: -0.573996  -1.14836  -1.99323   -1.5708   -1.5708   6.06354
dot q: [-0.150611, 0.184268, -0.101481, -0.082789, 5e-06, -0.018428]
Configurazione fine step: -0.580021  -1.14098  -1.99729  -1.57411   -1.5708    6.0628

STEP 39
Configurazione attuale: -0.580021  -1.14098  -1.99729  -1.57411   -1.5708    6.0628
dot q: [-0.153726, 0.182747, -0.099316, -0.083433, 3e-06, -0.01783]
Configurazione fine step: -0.58617 -1.13367 -2.00126 -1.57744  -1.5708  6.06209

STEP 40
Configurazione attuale: -0.58617 -1.13367 -2.00126 -1.57744  -1.5708  6.06209
dot q: [-0.156926, 0.181158, -0.09715, -0.08401, 3e-06, -0.016944]
Configurazione fine step: -0.592447  -1.12643  -2.00515  -1.58081   -1.5708   6.06141

STEP 41
Configurazione attuale: -0.592447  -1.12643  -2.00515  -1.58081   -1.5708   6.06141
dot q: [-0.160186, 0.179519, -0.094999, -0.084524, 5e-06, -0.015908]
Configurazione fine step: -0.598854  -1.11925  -2.00895  -1.58419   -1.5708   6.06078

STEP 42
Configurazione attuale: -0.598854  -1.11925  -2.00895  -1.58419   -1.5708   6.06078
dot q: [-0.163539, 0.17782, -0.092857, -0.084965, 3e-06, -0.014653]
Configurazione fine step: -0.605396  -1.11213  -2.01266  -1.58758   -1.5708   6.06019

STEP 43
Configurazione attuale: -0.605396  -1.11213  -2.01266  -1.58758   -1.5708   6.06019
dot q: [-0.166963, 0.176038, -0.0907, -0.08534, 3e-06, -0.013134]
Configurazione fine step: -0.612074  -1.10509  -2.01629    -1.591   -1.5708   6.05967

STEP 44
Configurazione attuale: -0.612074  -1.10509  -2.01629    -1.591   -1.5708   6.05967
dot q: [-0.170461, 0.174206, -0.088564, -0.085647, 1e-06, -0.011477]
Configurazione fine step: -0.618893  -1.09813  -2.01983  -1.59442   -1.5708   6.05921

STEP 45
Configurazione attuale: -0.618893  -1.09813  -2.01983  -1.59442   -1.5708   6.05921
dot q: [-0.174042, 0.1723, -0.086429, -0.085874, 2e-06, -0.009668]
Configurazione fine step: -0.625854  -1.09123  -2.02329  -1.59786   -1.5708   6.05882

STEP 46
Configurazione attuale: -0.625854  -1.09123  -2.02329  -1.59786   -1.5708   6.05882
dot q: [-0.177716, 0.170317, -0.084298, -0.08602, 2e-06, -0.007575]
Configurazione fine step: -0.632963  -1.08442  -2.02666   -1.6013   -1.5708   6.05852

STEP 47
Configurazione attuale: -0.632963  -1.08442  -2.02666   -1.6013   -1.5708   6.05852
dot q: [-0.181452, 0.168274, -0.082188, -0.086088, 2e-06, -0.00536]
Configurazione fine step: -0.640221  -1.07769  -2.02995  -1.60474   -1.5708    6.0583

STEP 48
Configurazione attuale: -0.640221  -1.07769  -2.02995  -1.60474   -1.5708    6.0583
dot q: [-0.185279, 0.166151, -0.080069, -0.086084, 2e-06, -0.002967]
Configurazione fine step: -0.647632  -1.07104  -2.03315  -1.60819   -1.5708   6.05818

STEP 49
Configurazione attuale: -0.647632  -1.07104  -2.03315  -1.60819   -1.5708   6.05818
dot q: [-0.189197, 0.163946, -0.077958, -0.085989, 2e-06, -0.000436]
Configurazione fine step:  -0.6552 -1.06449 -2.03627 -1.61163  -1.5708  6.05817

STEP 50
Configurazione attuale:  -0.6552 -1.06449 -2.03627 -1.61163  -1.5708  6.05817
dot q: [-0.193181, 0.161681, -0.07586, -0.085821, -0, 0.00235]
Configurazione fine step: -0.662927  -1.05802  -2.03931  -1.61506   -1.5708   6.05826

STEP 51
Configurazione attuale: -0.662927  -1.05802  -2.03931  -1.61506   -1.5708   6.05826
dot q: [-0.197254, 0.159324, -0.073772, -0.085553, 2e-06, 0.005187]
Configurazione fine step: -0.670817  -1.05165  -2.04226  -1.61848   -1.5708   6.05847

STEP 52
Configurazione attuale: -0.670817  -1.05165  -2.04226  -1.61848   -1.5708   6.05847
dot q: [-0.201418, 0.156883, -0.071694, -0.08519, -0, 0.008202]
Configurazione fine step: -0.678874  -1.04537  -2.04513  -1.62189   -1.5708    6.0588

STEP 53
Configurazione attuale: -0.678874  -1.04537  -2.04513  -1.62189   -1.5708    6.0588
dot q: [-0.205647, 0.154376, -0.069617, -0.08476, -0, 0.011398]
Configurazione fine step:  -0.6871 -1.03919 -2.04791 -1.62528  -1.5708  6.05925

STEP 54
Configurazione attuale:  -0.6871 -1.03919 -2.04791 -1.62528  -1.5708  6.05925
dot q: [-0.209964, 0.151779, -0.067557, -0.084223, -0, 0.014706]
Configurazione fine step: -0.695499  -1.03312  -2.05061  -1.62865   -1.5708   6.05984

STEP 55
Configurazione attuale: -0.695499  -1.03312  -2.05061  -1.62865   -1.5708   6.05984
dot q: [-0.214369, 0.149091, -0.065498, -0.083593, -0, 0.018216]
Configurazione fine step: -0.704073  -1.02716  -2.05323  -1.63199   -1.5708   6.06057

STEP 56
Configurazione attuale: -0.704073  -1.02716  -2.05323  -1.63199   -1.5708   6.06057
dot q: [-0.21884, 0.146332, -0.063463, -0.082871, 2e-06, 0.021788]
Configurazione fine step: -0.712827  -1.02131  -2.05577  -1.63531   -1.5708   6.06144

STEP 57
Configurazione attuale: -0.712827  -1.02131  -2.05577  -1.63531   -1.5708   6.06144
dot q: [-0.223407, 0.143468, -0.061434, -0.081996, -3.1e-05, 0.025564]
Configurazione fine step: -0.721763  -1.01557  -2.05823  -1.63859   -1.5708   6.06246

STEP 58
Configurazione attuale: -0.721763  -1.01557  -2.05823  -1.63859   -1.5708   6.06246
dot q: [-0.228033, 0.140538, -0.059416, -0.081127, 8e-06, 0.029359]
Configurazione fine step: -0.730885  -1.00995   -2.0606  -1.64183   -1.5708   6.06364

STEP 59
Configurazione attuale: -0.730885  -1.00995   -2.0606  -1.64183   -1.5708   6.06364
dot q: [-0.232737, 0.137526, -0.057403, -0.080126, 5e-06, 0.033329]
Configurazione fine step: -0.740194  -1.00445   -2.0629  -1.64504   -1.5708   6.06497

STEP 60
Configurazione attuale: -0.740194  -1.00445   -2.0629  -1.64504   -1.5708   6.06497
dot q: [-0.237508, 0.134411, -0.055407, -0.079007, 5e-06, 0.037469]
Configurazione fine step: -0.749694 -0.999069  -2.06512   -1.6482   -1.5708   6.06647

STEP 61
Configurazione attuale: -0.749694 -0.999069  -2.06512   -1.6482   -1.5708   6.06647
dot q: [-0.242363, 0.131201, -0.053422, -0.077782, 5e-06, 0.041622]
Configurazione fine step: -0.759389 -0.993821  -2.06725  -1.65131   -1.5708   6.06813

STEP 62
Configurazione attuale: -0.759389 -0.993821  -2.06725  -1.65131   -1.5708   6.06813
dot q: [-0.247267, 0.127922, -0.051455, -0.076471, 5e-06, 0.045985]
Configurazione fine step:  -0.76928 -0.988704  -2.06931  -1.65437   -1.5708   6.06997

STEP 63
Configurazione attuale:  -0.76928 -0.988704  -2.06931  -1.65437   -1.5708   6.06997
dot q: [-0.252242, 0.124546, -0.049506, -0.075043, 5e-06, 0.050294]
Configurazione fine step: -0.779369 -0.983722  -2.07129  -1.65737   -1.5708   6.07198

STEP 64
Configurazione attuale: -0.779369 -0.983722  -2.07129  -1.65737   -1.5708   6.07198
dot q: [-0.257278, 0.121082, -0.047553, -0.073532, 5e-06, 0.054865]
Configurazione fine step:  -0.78966 -0.978879  -2.07319  -1.66031   -1.5708   6.07418

STEP 65
Configurazione attuale:  -0.78966 -0.978879  -2.07319  -1.66031   -1.5708   6.07418
dot q: [-0.262374, 0.117523, -0.045622, -0.071905, 5e-06, 0.059418]
Configurazione fine step: -0.800155 -0.974178  -2.07502  -1.66319   -1.5708   6.07656

STEP 66
Configurazione attuale: -0.800155 -0.974178  -2.07502  -1.66319   -1.5708   6.07656
dot q: [-0.267506, 0.113892, -0.043709, -0.070185, 2e-06, 0.064097]
Configurazione fine step: -0.810856 -0.969623  -2.07677  -1.66599   -1.5708   6.07912

STEP 67
Configurazione attuale: -0.810856 -0.969623  -2.07677  -1.66599   -1.5708   6.07912
dot q: [-0.272687, 0.110168, -0.04181, -0.068361, 2e-06, 0.068861]
Configurazione fine step: -0.821763 -0.965216  -2.07844  -1.66873   -1.5708   6.08187

STEP 68
Configurazione attuale: -0.821763 -0.965216  -2.07844  -1.66873   -1.5708   6.08187
dot q: [-0.277918, 0.106349, -0.039929, -0.066423, 5e-06, 0.073595]
Configurazione fine step:  -0.83288 -0.960962  -2.08004  -1.67139   -1.5708   6.08482

STEP 69
Configurazione attuale:  -0.83288 -0.960962  -2.08004  -1.67139   -1.5708   6.08482
dot q: [-0.283166, 0.10246, -0.03805, -0.064412, 2e-06, 0.078484]
Configurazione fine step: -0.844206 -0.956863  -2.08156  -1.67396   -1.5708   6.08796

STEP 70
Configurazione attuale: -0.844206 -0.956863  -2.08156  -1.67396   -1.5708   6.08796
dot q: [-0.28845, 0.098479, -0.036193, -0.062288, 2e-06, 0.083436]
Configurazione fine step: -0.855744 -0.952924  -2.08301  -1.67645   -1.5708    6.0913

STEP 71
Configurazione attuale: -0.855744 -0.952924  -2.08301  -1.67645   -1.5708    6.0913
dot q: [-0.293758, 0.09441, -0.034349, -0.060065, 5e-06, 0.088329]
Configurazione fine step: -0.867495 -0.949148  -2.08438  -1.67886   -1.5708   6.09483

STEP 72
Configurazione attuale: -0.867495 -0.949148  -2.08438  -1.67886   -1.5708   6.09483
dot q: [-0.299063, 0.090278, -0.032523, -0.057757, 2e-06, 0.093351]
Configurazione fine step: -0.879457 -0.945537  -2.08568  -1.68117   -1.5708   6.09856

STEP 73
Configurazione attuale: -0.879457 -0.945537  -2.08568  -1.68117   -1.5708   6.09856
dot q: [-0.304382, 0.08606, -0.030716, -0.055349, 0, 0.098311]
Configurazione fine step: -0.891633 -0.942094  -2.08691  -1.68338   -1.5708   6.10249

STEP 74
Configurazione attuale: -0.891633 -0.942094  -2.08691  -1.68338   -1.5708   6.10249
dot q: [-0.3097, 0.081754, -0.028904, -0.052855, 0, 0.103393]
Configurazione fine step: -0.904021 -0.938824  -2.08807  -1.68549   -1.5708   6.10663

STEP 75
Configurazione attuale: -0.904021 -0.938824  -2.08807  -1.68549   -1.5708   6.10663
dot q: [-0.315002, 0.077396, -0.027121, -0.050279, 0, 0.108371]
Configurazione fine step: -0.916621 -0.935728  -2.08915  -1.68751   -1.5708   6.11097

STEP 76
Configurazione attuale: -0.916621 -0.935728  -2.08915  -1.68751   -1.5708   6.11097
dot q: [-0.320271, 0.072954, -0.025347, -0.047608, 0, 0.1134]
Configurazione fine step: -0.929431  -0.93281  -2.09017  -1.68941   -1.5708    6.1155

STEP 77
Configurazione attuale: -0.929431  -0.93281  -2.09017  -1.68941   -1.5708    6.1155
dot q: [-0.325526, 0.06844, -0.023583, -0.04486, 2e-06, 0.118423]
Configurazione fine step: -0.942452 -0.930073  -2.09111   -1.6912   -1.5708   6.12024

STEP 78
Configurazione attuale: -0.942452 -0.930073  -2.09111   -1.6912   -1.5708   6.12024
dot q: [-0.330723, 0.06388, -0.021846, -0.042036, 2e-06, 0.123409]
Configurazione fine step: -0.955681 -0.927517  -2.09198  -1.69289   -1.5708   6.12517

STEP 79
Configurazione attuale: -0.955681 -0.927517  -2.09198  -1.69289   -1.5708   6.12517
dot q: [-0.335874, 0.059243, -0.020102, -0.039144, 2e-06, 0.128312]
Configurazione fine step: -0.969116 -0.925148  -2.09279  -1.69445   -1.5708   6.13031

STEP 80
Configurazione attuale: -0.969116 -0.925148  -2.09279  -1.69445   -1.5708   6.13031
dot q: [-0.34097, 0.054547, -0.018374, -0.036176, 2e-06, 0.133239]
Configurazione fine step: -0.982755 -0.922966  -2.09352   -1.6959   -1.5708   6.13564

STEP 81
Configurazione attuale: -0.982755 -0.922966  -2.09352   -1.6959   -1.5708   6.13564
dot q: [-0.345979, 0.049811, -0.016662, -0.033152, 2e-06, 0.138032]
Configurazione fine step: -0.996594 -0.920973  -2.09419  -1.69722   -1.5708   6.14116

STEP 82
Configurazione attuale: -0.996594 -0.920973  -2.09419  -1.69722   -1.5708   6.14116
dot q: [-0.350911, 0.045016, -0.014959, -0.03006, 2e-06, 0.142767]
Configurazione fine step:  -1.01063 -0.919173  -2.09479  -1.69843   -1.5708   6.14687

STEP 83
Configurazione attuale:  -1.01063 -0.919173  -2.09479  -1.69843   -1.5708   6.14687
dot q: [-0.355753, 0.040172, -0.013266, -0.026906, 0, 0.147481]
Configurazione fine step:  -1.02486 -0.917566  -2.09532   -1.6995   -1.5708   6.15277

STEP 84
Configurazione attuale:  -1.02486 -0.917566  -2.09532   -1.6995   -1.5708   6.15277
dot q: [-0.360475, 0.0353, -0.011577, -0.023726, 2e-06, 0.15203]
Configurazione fine step:  -1.03928 -0.916154  -2.09578  -1.70045   -1.5708   6.15885

STEP 85
Configurazione attuale:  -1.03928 -0.916154  -2.09578  -1.70045   -1.5708   6.15885
dot q: [-0.365098, 0.030371, -0.009904, -0.020425, -2.1e-05, 0.156503]
Configurazione fine step:  -1.05388 -0.914939  -2.09618  -1.70127   -1.5708   6.16511

STEP 86
Configurazione attuale:  -1.05388 -0.914939  -2.09618  -1.70127   -1.5708   6.16511
dot q: [-0.369576, 0.02543, -0.008217, -0.017218, 4e-06, 0.160837]
Configurazione fine step:  -1.06867 -0.913922  -2.09651  -1.70196   -1.5708   6.17154

STEP 87
Configurazione attuale:  -1.06867 -0.913922  -2.09651  -1.70196   -1.5708   6.17154
dot q: [-0.373914, 0.020466, -0.006554, -0.013916, 4e-06, 0.165048]
Configurazione fine step:  -1.08362 -0.913103  -2.09677  -1.70251   -1.5708   6.17814

STEP 88
Configurazione attuale:  -1.08362 -0.913103  -2.09677  -1.70251   -1.5708   6.17814
dot q: [-0.378109, 0.015471, -0.004899, -0.010577, 4e-06, 0.169119]
Configurazione fine step:  -1.09875 -0.912484  -2.09696  -1.70294   -1.5708   6.18491

STEP 89
Configurazione attuale:  -1.09875 -0.912484  -2.09696  -1.70294   -1.5708   6.18491
dot q: [-0.382141, 0.010458, -0.003231, -0.007233, 4e-06, 0.172998]
Configurazione fine step:  -1.11403 -0.912066  -2.09709  -1.70323   -1.5708   6.19183

STEP 90
Configurazione attuale:  -1.11403 -0.912066  -2.09709  -1.70323   -1.5708   6.19183
dot q: [-0.386011, 0.005429, -0.001567, -0.003867, 3e-06, 0.176823]
Configurazione fine step:  -1.12947 -0.911849  -2.09716  -1.70338   -1.5708    6.1989

STEP 91
Configurazione attuale:  -1.12947 -0.911849  -2.09716  -1.70338   -1.5708    6.1989
dot q: [-0.389687, 0.00041, 8.4e-05, -0.000499, 3e-06, 0.18036]
Configurazione fine step:  -1.14506 -0.911832  -2.09715   -1.7034   -1.5708   6.20612

STEP 92
Configurazione attuale:  -1.14506 -0.911832  -2.09715   -1.7034   -1.5708   6.20612
dot q: [-0.393193, -0.004622, 0.001742, 0.002875, 3e-06, 0.18379]
Configurazione fine step:  -1.16079 -0.912017  -2.09708  -1.70329   -1.5708   6.21347

STEP 93
Configurazione attuale:  -1.16079 -0.912017  -2.09708  -1.70329   -1.5708   6.21347
dot q: [-0.396481, -0.009653, 0.003394, 0.006254, 3e-06, 0.186961]
Configurazione fine step:  -1.17665 -0.912403  -2.09695  -1.70304   -1.5708   6.22095

STEP 94
Configurazione attuale:  -1.17665 -0.912403  -2.09695  -1.70304   -1.5708   6.22095
dot q: [-0.399566, -0.01466, 0.00506, 0.009595, 3e-06, 0.189989]
Configurazione fine step: -1.19263 -0.91299 -2.09674 -1.70265  -1.5708  6.22855

STEP 95
Configurazione attuale: -1.19263 -0.91299 -2.09674 -1.70265  -1.5708  6.22855
dot q: [-0.402441, -0.019658, 0.00672, 0.012935, 2e-06, 0.192765]
Configurazione fine step:  -1.20873 -0.913776  -2.09648  -1.70214   -1.5708   6.23626

STEP 96
Configurazione attuale:  -1.20873 -0.913776  -2.09648  -1.70214   -1.5708   6.23626
dot q: [-0.4051, -0.024648, 0.008388, 0.016256, 2e-06, 0.195383]
Configurazione fine step:  -1.22493 -0.914762  -2.09614  -1.70149   -1.5708   6.24407

STEP 97
Configurazione attuale:  -1.22493 -0.914762  -2.09614  -1.70149   -1.5708   6.24407
dot q: [-0.407527, -0.029592, 0.010059, 0.01953, 1e-06, 0.197675]
Configurazione fine step:  -1.24123 -0.915946  -2.09574   -1.7007   -1.5708   6.25198

STEP 98
Configurazione attuale:  -1.24123 -0.915946  -2.09574   -1.7007   -1.5708   6.25198
dot q: [-0.409727, -0.034513, 0.011727, 0.022783, 1e-06, 0.199855]
Configurazione fine step:  -1.25762 -0.917326  -2.09527  -1.69979   -1.5708   6.25997

STEP 99
Configurazione attuale:  -1.25762 -0.917326  -2.09527  -1.69979   -1.5708   6.25997
dot q: [-0.411696, -0.039413, 0.013423, 0.025988, 1e-06, 0.201755]
Configurazione fine step:  -1.27409 -0.918903  -2.09473  -1.69875   -1.5708   6.26804


MATRICE di q

-0.414332 -1.45458 -1.77507 -1.48273 -1.5708 5.9705 
-0.417604 -1.44513 -1.78332 -1.48393 -1.5708 5.98171 
-0.420899 -1.43582 -1.79135 -1.48522 -1.5708 5.99195 
-0.424221 -1.42663 -1.79918 -1.48658 -1.5708 6.0013 
-0.427574 -1.41754 -1.80682 -1.48802 -1.5708 6.00981 
-0.430962 -1.40856 -1.81429 -1.48954 -1.5708 6.01754 
-0.434388 -1.39966 -1.8216 -1.49113 -1.5708 6.02455 
-0.437855 -1.39084 -1.82875 -1.49279 -1.5708 6.03087 
-0.441366 -1.3821 -1.83576 -1.49453 -1.5708 6.03656 
-0.444924 -1.37341 -1.84264 -1.49633 -1.5708 6.04166 
-0.448533 -1.36479 -1.84939 -1.4982 -1.5708 6.04622 
-0.452194 -1.35623 -1.85601 -1.50014 -1.5708 6.05026 
-0.45591 -1.34771 -1.86252 -1.50215 -1.5708 6.05383 
-0.459685 -1.33925 -1.86891 -1.50423 -1.5708 6.05697 
-0.46352 -1.33083 -1.87519 -1.50636 -1.5708 6.0597 
-0.467418 -1.32245 -1.88137 -1.50857 -1.5708 6.06205 
-0.471381 -1.31412 -1.88744 -1.51083 -1.5708 6.06406 
-0.475412 -1.30582 -1.89341 -1.51316 -1.5708 6.06574 
-0.479513 -1.29757 -1.89927 -1.51555 -1.5708 6.06714 
-0.483687 -1.28935 -1.90504 -1.51799 -1.5708 6.06826 
-0.487935 -1.28117 -1.91072 -1.5205 -1.5708 6.06914 
-0.492261 -1.27302 -1.9163 -1.52307 -1.5708 6.06979 
-0.496667 -1.26492 -1.92178 -1.52569 -1.5708 6.07023 
-0.501154 -1.25685 -1.92717 -1.52836 -1.5708 6.07049 
-0.505727 -1.24882 -1.93247 -1.53109 -1.5708 6.07059 
-0.510385 -1.24082 -1.93768 -1.53388 -1.5708 6.07053 
-0.515134 -1.23287 -1.9428 -1.53671 -1.5708 6.07034 
-0.519974 -1.22496 -1.94783 -1.53959 -1.5708 6.07004 
-0.524909 -1.21709 -1.95277 -1.54253 -1.5708 6.06963 
-0.52994 -1.20926 -1.95761 -1.54551 -1.5708 6.06914 
-0.53507 -1.20148 -1.96237 -1.54853 -1.5708 6.06857 
-0.540303 -1.19374 -1.96705 -1.5516 -1.5708 6.06794 
-0.545641 -1.18605 -1.97163 -1.55471 -1.5708 6.06726 
-0.551086 -1.1784 -1.97612 -1.55785 -1.5708 6.06655 
-0.556641 -1.17081 -1.98053 -1.56104 -1.5708 6.06581 
-0.562309 -1.16327 -1.98485 -1.56426 -1.5708 6.06505 
-0.568093 -1.15578 -1.98909 -1.56751 -1.5708 6.06429 
-0.573996 -1.14836 -1.99323 -1.5708 -1.5708 6.06354 
-0.580021 -1.14098 -1.99729 -1.57411 -1.5708 6.0628 
-0.58617 -1.13367 -2.00126 -1.57744 -1.5708 6.06209 
-0.592447 -1.12643 -2.00515 -1.58081 -1.5708 6.06141 
-0.598854 -1.11925 -2.00895 -1.58419 -1.5708 6.06078 
-0.605396 -1.11213 -2.01266 -1.58758 -1.5708 6.06019 
-0.612074 -1.10509 -2.01629 -1.591 -1.5708 6.05967 
-0.618893 -1.09813 -2.01983 -1.59442 -1.5708 6.05921 
-0.625854 -1.09123 -2.02329 -1.59786 -1.5708 6.05882 
-0.632963 -1.08442 -2.02666 -1.6013 -1.5708 6.05852 
-0.640221 -1.07769 -2.02995 -1.60474 -1.5708 6.0583 
-0.647632 -1.07104 -2.03315 -1.60819 -1.5708 6.05818 
-0.6552 -1.06449 -2.03627 -1.61163 -1.5708 6.05817 
-0.662927 -1.05802 -2.03931 -1.61506 -1.5708 6.05826 
-0.670817 -1.05165 -2.04226 -1.61848 -1.5708 6.05847 
-0.678874 -1.04537 -2.04513 -1.62189 -1.5708 6.0588 
-0.6871 -1.03919 -2.04791 -1.62528 -1.5708 6.05925 
-0.695499 -1.03312 -2.05061 -1.62865 -1.5708 6.05984 
-0.704073 -1.02716 -2.05323 -1.63199 -1.5708 6.06057 
-0.712827 -1.02131 -2.05577 -1.63531 -1.5708 6.06144 
-0.721763 -1.01557 -2.05823 -1.63859 -1.5708 6.06246 
-0.730885 -1.00995 -2.0606 -1.64183 -1.5708 6.06364 
-0.740194 -1.00445 -2.0629 -1.64504 -1.5708 6.06497 
-0.749694 -0.999069 -2.06512 -1.6482 -1.5708 6.06647 
-0.759389 -0.993821 -2.06725 -1.65131 -1.5708 6.06813 
-0.76928 -0.988704 -2.06931 -1.65437 -1.5708 6.06997 
-0.779369 -0.983722 -2.07129 -1.65737 -1.5708 6.07198 
-0.78966 -0.978879 -2.07319 -1.66031 -1.5708 6.07418 
-0.800155 -0.974178 -2.07502 -1.66319 -1.5708 6.07656 
-0.810856 -0.969623 -2.07677 -1.66599 -1.5708 6.07912 
-0.821763 -0.965216 -2.07844 -1.66873 -1.5708 6.08187 
-0.83288 -0.960962 -2.08004 -1.67139 -1.5708 6.08482 
-0.844206 -0.956863 -2.08156 -1.67396 -1.5708 6.08796 
-0.855744 -0.952924 -2.08301 -1.67645 -1.5708 6.0913 
-0.867495 -0.949148 -2.08438 -1.67886 -1.5708 6.09483 
-0.879457 -0.945537 -2.08568 -1.68117 -1.5708 6.09856 
-0.891633 -0.942094 -2.08691 -1.68338 -1.5708 6.10249 
-0.904021 -0.938824 -2.08807 -1.68549 -1.5708 6.10663 
-0.916621 -0.935728 -2.08915 -1.68751 -1.5708 6.11097 
-0.929431 -0.93281 -2.09017 -1.68941 -1.5708 6.1155 
-0.942452 -0.930073 -2.09111 -1.6912 -1.5708 6.12024 
-0.955681 -0.927517 -2.09198 -1.69289 -1.5708 6.12517 
-0.969116 -0.925148 -2.09279 -1.69445 -1.5708 6.13031 
-0.982755 -0.922966 -2.09352 -1.6959 -1.5708 6.13564 
-0.996594 -0.920973 -2.09419 -1.69722 -1.5708 6.14116 
-1.01063 -0.919173 -2.09479 -1.69843 -1.5708 6.14687 
-1.02486 -0.917566 -2.09532 -1.6995 -1.5708 6.15277 
-1.03928 -0.916154 -2.09578 -1.70045 -1.5708 6.15885 
-1.05388 -0.914939 -2.09618 -1.70127 -1.5708 6.16511 
-1.06867 -0.913922 -2.09651 -1.70196 -1.5708 6.17154 
-1.08362 -0.913103 -2.09677 -1.70251 -1.5708 6.17814 
-1.09875 -0.912484 -2.09696 -1.70294 -1.5708 6.18491 
-1.11403 -0.912066 -2.09709 -1.70323 -1.5708 6.19183 
-1.12947 -0.911849 -2.09716 -1.70338 -1.5708 6.1989 
-1.14506 -0.911832 -2.09715 -1.7034 -1.5708 6.20612 
-1.16079 -0.912017 -2.09708 -1.70329 -1.5708 6.21347 
-1.17665 -0.912403 -2.09695 -1.70304 -1.5708 6.22095 
-1.19263 -0.91299 -2.09674 -1.70265 -1.5708 6.22855 
-1.20873 -0.913776 -2.09648 -1.70214 -1.5708 6.23626 
-1.22493 -0.914762 -2.09614 -1.70149 -1.5708 6.24407 
-1.24123 -0.915946 -2.09574 -1.7007 -1.5708 6.25198 
-1.25762 -0.917326 -2.09527 -1.69979 -1.5708 6.25997 
-1.27409 -0.918903 -2.09473 -1.69875 -1.5708 6.26804 