STEP 1
Posizione end effector iniziale: -4.19871 -1.09638  6.49322
det = 66.9091

J inversa
  -0.0137477    -0.241757 -3.30525e-18    -0.241032    0.0137064   3.6147e-06
   0.0550342    0.0143714    -0.235941  0.000975897    -0.289726  3.21443e-06
   -0.321715   -0.0840084     0.238999   -0.0702311     0.558647 -5.12969e-06
    0.266681    0.0696398  -0.00305788    0.0124842     -1.26731   1.3932e-05
-2.05838e-07 -3.61973e-06 -1.62367e-19     0.998383   -0.0567736 -1.49725e-05
   0.0137477     0.241757 -4.45061e-20     0.241047   -0.0137073     0.999996
dot q: [0.103079, 0.09512, -0.558192, 0.463069, 4e-06, -0.390321]
STEP 2
Posizione end effector iniziale: -4.12346 -1.11741  6.49264
det = 66.1006

J inversa
  -0.0129731    -0.246029  5.04835e-18    -0.245291    0.0129342  3.70722e-06
   0.0502827    0.0136268     -0.23569   0.00121508    -0.284792  3.12664e-06
   -0.315397   -0.0854703     0.237739   -0.0727357     0.551148 -4.94612e-06
    0.265115    0.0718464  -0.00204933    0.0188666     -1.26497  1.36763e-05
-1.95798e-07 -3.71322e-06  3.11349e-19     0.998609   -0.0526567 -1.50925e-05
   0.0129731     0.246029 -4.86891e-18     0.245306    -0.012935     0.999996
dot q: [0.105653, 0.084976, -0.537791, 0.452814, 3e-06, -0.357318]
STEP 3
Posizione end effector iniziale: -4.04922  -1.1382  6.49216
det = 65.2577

J inversa
  -0.0121414    -0.250373 -3.42727e-18    -0.249622    0.0121049  3.78186e-06
   0.0456935    0.0128447    -0.235497   0.00143646    -0.280074  3.05551e-06
   -0.309403   -0.0869714     0.236654    -0.075285     0.544141 -4.79944e-06
     0.26371    0.0741296  -0.00115713    0.0254154     -1.26289  1.34807e-05
 -1.8373e-07 -3.78879e-06  1.24536e-18     0.998823    -0.048436 -1.51325e-05
   0.0121414     0.250373  3.09248e-19     0.249637   -0.0121057     0.999996
dot q: [0.108432, 0.075585, -0.519257, 0.443671, 2e-06, -0.32668]
STEP 4
Posizione end effector iniziale: -3.97588 -1.15877  6.49177
det = 64.3851

J inversa
  -0.0112483    -0.254794           -0     -0.25403    0.0112145  3.85804e-06
   0.0412452    0.0120216    -0.235353   0.00163944    -0.275543  2.99875e-06
    -0.30369   -0.0885114     0.235723   -0.0778836     0.537565 -4.67989e-06
    0.262445    0.0764927 -0.000370187    0.0321436     -1.26105  1.33379e-05
-1.70665e-07 -3.86589e-06  -8.0056e-19     0.999023   -0.0441034 -1.51725e-05
   0.0112483     0.254794  3.06773e-18     0.254045   -0.0112152     0.999996
dot q: [0.111416, 0.066822, -0.502291, 0.435468, 1e-06, -0.298275]
STEP 5
Posizione end effector iniziale: -3.90331 -1.17915  6.49146
det = 63.4869

J inversa
  -0.0102896      -0.2593 -5.33309e-18    -0.258522    0.0102587  3.93589e-06
   0.0369204     0.011154    -0.235249   0.00182331    -0.271172  2.95555e-06
    -0.29822   -0.0900902     0.234928   -0.0805356     0.531364 -4.58611e-06
      0.2613    0.0789393   0.00032054    0.0390645     -1.25941  1.32473e-05
-1.56531e-07 -3.94463e-06  4.58679e-19      0.99921   -0.0396506 -1.52125e-05
   0.0102896       0.2593  3.37897e-18     0.258538   -0.0102593     0.999996
dot q: [0.114607, 0.058601, -0.486682, 0.428077, 1e-06, -0.271972]
STEP 6
Posizione end effector iniziale: -3.83143 -1.19936  6.49121
det = 62.5665

J inversa
 -0.00926049    -0.263897 -3.62209e-18    -0.263105   0.00923271   4.0471e-06
   0.0327043    0.0102382     -0.23518   0.00198719    -0.266939  2.91316e-06
   -0.292964   -0.0917082     0.234257   -0.0832451     0.525495 -4.48381e-06
     0.26026     0.081473  0.000922632    0.0461913     -1.25794  1.31474e-05
-1.42358e-07 -4.05678e-06 -2.43819e-19     0.999381   -0.0350696 -1.53725e-05
  0.00926049     0.263897  1.56129e-18     0.263121  -0.00923325     0.999996
dot q: [0.118024, 0.050851, -0.472237, 0.421383, 1e-06, -0.247588]
STEP 7
Posizione end effector iniziale: -3.76015 -1.21942  6.49101
det = 61.627

J inversa
 -0.00815583    -0.268591  1.84538e-18    -0.267785   0.00813137  4.15059e-06
   0.0285848   0.00927087    -0.235139   0.00213031    -0.262828  2.87348e-06
   -0.287894   -0.0933658     0.233696   -0.0860167     0.519917 -4.38883e-06
    0.259309     0.084098   0.00144248    0.0535382     -1.25663  1.30521e-05
-1.26355e-07 -4.16116e-06  5.01236e-19     0.999535   -0.0303512 -1.54925e-05
  0.00815583     0.268591  -1.4873e-18       0.2678  -0.00813184     0.999996
dot q: [0.121652, 0.043474, -0.458745, 0.41522, -1.2e-05, -0.225179]
STEP 8
Posizione end effector iniziale:  -3.6894 -1.23936  6.49087
det = 60.6713

J inversa
 -0.00697011    -0.273387           -0    -0.272567    0.0069492  4.78035e-06
   0.0245518   0.00824833    -0.235121   0.00225172    -0.258822  2.95339e-06
   -0.282987   -0.0950634     0.233236   -0.0888543     0.514598 -4.36732e-06
    0.258435    0.0868184   0.00188512    0.0611188     -1.25545  1.34307e-05
-1.22204e-07 -4.79318e-06  7.79013e-19      0.99967    -0.025487 -1.75325e-05
  0.00697011     0.273387  2.10782e-19     0.272584  -0.00694965     0.999995
dot q: [0.125515, 0.036478, -0.446168, 0.409694, -1e-06, -0.204603]
STEP 9
Posizione end effector iniziale: -3.61911 -1.25918  6.49076
det = 59.7015

J inversa
 -0.00569723    -0.278292  9.58646e-19    -0.277457   0.00568013  4.82115e-06
   0.0205966   0.00716687    -0.235123   0.00235009    -0.254907  2.94069e-06
   -0.278223   -0.0968018     0.232868   -0.0917622     0.509508 -4.34413e-06
    0.257627    0.0896383   0.00225534    0.0689476     -1.25439  1.34602e-05
-9.89755e-08 -4.83465e-06 -4.33588e-19     0.999786   -0.0204677 -1.73725e-05
  0.00569723     0.278292 -1.18379e-19     0.277474  -0.00568049     0.999995
dot q: [0.129622, 0.029772, -0.434286, 0.404517, -1e-06, -0.185635]
STEP 10
Posizione end effector iniziale: -3.54923 -1.27889  6.49068
det = 58.7201

J inversa
 -0.00433056     -0.28331           -0     -0.28246   0.00431757  4.87374e-06
   0.0167126   0.00602288     -0.23514   0.00242454    -0.251073  2.92835e-06
   -0.273585   -0.0985817     0.232583   -0.0947447     0.504621 -4.31862e-06
    0.256872    0.0925623   0.00255681    0.0770398     -1.25343   1.3487e-05
-7.47134e-08 -4.88783e-06   3.1846e-19     0.999878   -0.0152837 -1.72525e-05
  0.00433056      0.28331 -7.16965e-19     0.282478  -0.00431783     0.999995
dot q: [0.133997, 0.023338, -0.423029, 0.399706, -5.1e-05, -0.168427]
STEP 11
Posizione end effector iniziale: -3.47971 -1.29851  6.49064
det = 57.7291

J inversa
 -0.00286279    -0.288447 -4.98526e-19    -0.287582   0.00285421  4.78922e-06
   0.0128944   0.00481276    -0.235168   0.00247472     -0.24731  3.41358e-06
   -0.269055    -0.100404     0.232375   -0.0978072     0.499914 -5.34184e-06
    0.256161    0.0955957   0.00279279    0.0854122     -1.25255   1.6065e-05
-4.76729e-08 -4.80339e-06  2.64253e-19     0.999946   -0.0099243 -1.66525e-05
  0.00286279     0.288447  4.79109e-19     0.287599  -0.00285437     0.999995
dot q: [0.138618, 0.017149, -0.412312, 0.395166, 3e-06, -0.15274]
STEP 12
Posizione end effector iniziale:  -3.4105 -1.31806  6.49062
det = 56.7305

J inversa
 -0.00128639    -0.293708  2.54321e-19    -0.292827   0.00128253  4.84123e-06
   0.0091376   0.00353241    -0.235204   0.00249803     -0.24361  3.35551e-06
   -0.264621     -0.10227     0.232238    -0.100953     0.495366 -5.23233e-06
    0.255484    0.0987419   0.00296612    0.0940788     -1.25175  1.58936e-05
-2.12673e-08 -4.85575e-06 -2.37166e-20     0.999986  -0.00437976 -1.65325e-05
  0.00128639     0.293708 -6.94535e-21     0.292844   -0.0012826     0.999995
dot q: [0.143512, 0.011169, -0.40205, 0.390886, 6e-06, -0.138554]
STEP 13
Posizione end effector iniziale: -3.34156 -1.33754  6.49061
det = 55.726

J inversa
 0.000406978    -0.299097           -0      -0.2982 -0.000405757  4.87038e-06
  0.00543898   0.00217805    -0.235246   0.00249389    -0.239966  3.27061e-06
   -0.260269     -0.10418     0.232166    -0.104186     0.490958 -5.07507e-06
     0.25483     0.102006   0.00307912     0.103057     -1.25099  1.55812e-05
 6.64701e-09 -4.88503e-06 -5.50404e-21     0.999994   0.00136068 -1.63325e-05
-0.000406978     0.299097 -1.02494e-19     0.298216   0.00040578     0.999995
dot q: [0.148705, 0.005395, -0.392178, 0.386789, 5e-06, -0.125767]
STEP 14
Posizione end effector iniziale: -3.27287 -1.35694  6.49063
det = 54.7173

J inversa
  0.00222646    -0.304618 -5.30032e-19    -0.303704  -0.00221978  4.88752e-06
  0.00179638  0.000745763     -0.23529   0.00246127    -0.236372  3.19754e-06
   -0.255988    -0.106135     0.232156    -0.107512     0.486673 -4.94511e-06
    0.254192     0.105394   0.00313398     0.112363     -1.25027  1.53243e-05
 3.58295e-08 -4.90209e-06 -3.15099e-19     0.999968   0.00730879 -1.60925e-05
 -0.00222646     0.304618  7.11106e-19      0.30372    0.0022199     0.999995
dot q: [0.154208, -0.000192, -0.382645, 0.38284, 6e-06, -0.114463]
STEP 15
Posizione end effector iniziale: -3.20438  -1.3763  6.49066
det = 53.7061

J inversa
   0.0041819    -0.310275 -1.08272e-18    -0.309344  -0.00416935  4.94148e-06
 -0.00179154 -0.000768502    -0.235334   0.00239902    -0.232824  3.11709e-06
   -0.251767    -0.108137     0.232201    -0.110935     0.482495 -4.78641e-06
    0.253559     0.108909   0.00313261     0.122017     -1.24958  1.50061e-05
 6.67957e-08  -4.9559e-06 -1.21961e-19     0.999904    0.0134767 -1.59725e-05
  -0.0041819     0.310275 -3.50164e-20      0.30936   0.00416957     0.999995
dot q: [0.160033, -0.005599, -0.373375, 0.37898, 4e-06, -0.104437]
STEP 16
Posizione end effector iniziale: -3.13608  -1.3956  6.49071
det = 52.6941

J inversa
  0.00628386    -0.316071           -0    -0.315123  -0.00626501  4.95868e-06
 -0.00532498  -0.00236871    -0.235376   0.00230615    -0.229318  3.05713e-06
   -0.247596    -0.110185     0.232299    -0.114461      0.47841 -4.68185e-06
    0.252921     0.112558   0.00307676     0.132037     -1.24889  1.48015e-05
 9.88613e-08 -4.97262e-06 -5.41991e-19     0.999797    0.0198771 -1.57325e-05
 -0.00628386     0.316071 -1.70837e-19     0.315139   0.00626532     0.999995
dot q: [0.166196, -0.010829, -0.364353, 0.375189, 4e-06, -0.095716]
STEP 17
Posizione end effector iniziale: -3.06795 -1.41486  6.49077
det = 51.6826

J inversa
  0.00854374    -0.322009 -2.26174e-18    -0.321043  -0.00851811  4.96269e-06
 -0.00880354  -0.00405898    -0.235414   0.00218155    -0.225851  2.99845e-06
   -0.243466    -0.112282     0.232446    -0.118095     0.474402 -4.58402e-06
     0.25227     0.116345   0.00296808     0.142441      -1.2482  1.46023e-05
 1.32023e-07 -4.97587e-06 -7.72243e-19     0.999643    0.0265231 -1.54525e-05
 -0.00854374     0.322009  1.36489e-18     0.321059   0.00851852     0.999995
dot q: [0.172732, -0.015906, -0.355509, 0.371418, 2e-06, -0.088273]
STEP 18
Posizione end effector iniziale: -2.99995 -1.43408  6.49083
det = 50.6732

J inversa
    0.010974    -0.328091           -0    -0.327107   -0.0109411  5.01819e-06
  -0.0122259   -0.0058434    -0.235445   0.00202446    -0.222422  2.95968e-06
   -0.239368    -0.114427     0.232637    -0.121841     0.470459 -4.50959e-06
    0.251594     0.120275   0.00280793      0.15325     -1.24748  1.44867e-05
  1.6826e-07 -5.03048e-06  6.09545e-19     0.999436    0.0334293 -1.53325e-05
   -0.010974     0.328091 -1.41473e-18     0.327122    0.0109416     0.999995
dot q: [0.179626, -0.02081, -0.346832, 0.367646, 1e-06, -0.081993]
STEP 19
Posizione end effector iniziale: -2.93209 -1.45326  6.49091
det = 49.6674

J inversa
   0.0135877    -0.334318 -2.36654e-18    -0.333315   -0.0135469  5.06142e-06
    -0.01559  -0.00772603    -0.235468   0.00183387    -0.219028  2.93055e-06
   -0.235294    -0.116623      0.23287    -0.125704     0.466568 -4.45991e-06
    0.250884     0.124353   0.00259782     0.164484     -1.24671  1.44261e-05
  2.0616e-07 -5.07246e-06  1.62495e-18      0.99917    0.0406093 -1.51725e-05
  -0.0135877     0.334318  5.37589e-19      0.33333    0.0135475     0.999995
dot q: [0.186937, -0.025555, -0.338256, 0.363766, -1.1e-05, -0.076981]
STEP 20
Posizione end effector iniziale: -2.86433  -1.4724    6.491
det = 48.6666

J inversa
   0.0163992     -0.34069  2.42252e-18    -0.339668     -0.01635  5.77172e-06
  -0.0188928  -0.00971077    -0.235481   0.00160955    -0.215671  3.02278e-06
   -0.231237    -0.118869     0.233142    -0.129691     0.462716 -4.42614e-06
    0.250129     0.128584   0.00233909     0.176165     -1.24589  1.47401e-05
 2.78337e-07 -5.78239e-06 -9.20446e-19     0.998838    0.0480793 -1.69725e-05
  -0.0163992      0.34069 -3.54851e-18     0.339685    0.0163508     0.999994
dot q: [0.194666, -0.03011, -0.329827, 0.359947, 2e-06, -0.073071]
STEP 21
Posizione end effector iniziale: -2.79667 -1.49153  6.49109
det = 47.6721

J inversa
   0.0194238    -0.347207  4.96226e-18    -0.346166   -0.0193656  5.74583e-06
  -0.0221308   -0.0118018    -0.235482   0.00135053    -0.212349  2.98589e-06
   -0.227188    -0.121166     0.233449    -0.133806     0.458891 -4.38375e-06
    0.249318     0.132972   0.00203336     0.188316     -1.24498  1.46546e-05
 3.21903e-07 -5.75412e-06 -1.15021e-18     0.998433    0.0558554 -1.65725e-05
  -0.0194238     0.347207    2.848e-18     0.346182    0.0193665     0.999994
dot q: [0.202846, -0.034496, -0.321446, 0.355952, 2e-06, -0.07029]
STEP 22
Posizione end effector iniziale: -2.72909 -1.51062  6.49119
det = 46.6853

J inversa
    0.022678    -0.353868 -5.08514e-18    -0.352806     -0.02261  5.71749e-06
  -0.0252993   -0.0140027     -0.23547   0.00105696    -0.209064  2.94923e-06
    -0.22314    -0.123515     0.233788    -0.138055      0.45508 -4.34314e-06
    0.248439     0.137522   0.00168203     0.200957     -1.24397  1.45707e-05
 3.66762e-07 -5.72296e-06  6.62606e-19     0.997947    0.0639546 -1.61725e-05
   -0.022678     0.353868   6.7232e-18     0.352822     0.022611     0.999994
dot q: [0.211512, -0.03871, -0.313091, 0.351811, 2e-06, -0.068747]
STEP 23
Posizione end effector iniziale: -2.66158 -1.52969  6.49129
det = 45.7075

J inversa
   0.0261795    -0.360668 -1.04282e-17    -0.359586    -0.026101  5.68652e-06
  -0.0283929   -0.0163171    -0.235445   0.00072924    -0.205819  2.91273e-06
   -0.219086    -0.125917     0.234158    -0.142443     0.451272 -4.30427e-06
    0.247479     0.142239   0.00128651     0.214114     -1.24283  1.44883e-05
 4.12919e-07 -5.68867e-06  3.78473e-19      0.99737    0.0723953 -1.57725e-05
  -0.0261795     0.360668  1.36458e-19     0.359602    0.0261021     0.999994
dot q: [0.220663, -0.042725, -0.304773, 0.347509, 2e-06, -0.06819]
STEP 24
Posizione end effector iniziale: -2.59414 -1.54874   6.4914
det = 44.7402

J inversa
   0.0299468    -0.367603 -5.34966e-18      -0.3665    -0.029857  5.63801e-06
  -0.0314054   -0.0187483    -0.235404  0.000367824    -0.202615  2.87571e-06
    -0.21502    -0.128371     0.234555    -0.146977     0.447454  -4.2715e-06
    0.246425     0.147124  0.000848491      0.22781     -1.24154  1.44125e-05
 4.59162e-07  -5.6363e-06  4.04232e-20     0.996693    0.0811957 -1.53325e-05
  -0.0299468     0.367603  6.52802e-18     0.366515    0.0298582     0.999994
dot q: [0.230353, -0.046541, -0.29646, 0.343012, 1e-06, -0.068819]
STEP 25
Posizione end effector iniziale: -2.52676 -1.56776  6.49152
det = 43.7846

J inversa
   0.0340001    -0.374666  5.49233e-18    -0.373542   -0.0338981  5.58586e-06
  -0.0343298   -0.0212993    -0.235346 -2.60891e-05    -0.199457  2.84653e-06
   -0.210934    -0.130878     0.234976    -0.151661     0.443614 -4.25869e-06
    0.245263     0.152183  0.000369664     0.242069     -1.24006  1.43889e-05
 5.06349e-07 -5.57974e-06  1.72424e-18     0.995902    0.0903758 -1.48925e-05
  -0.0340001     0.374666  6.46752e-19     0.373557    0.0338994     0.999994
dot q: [0.240605, -0.050143, -0.288121, 0.338271, 2e-06, -0.070545]
STEP 26
Posizione end effector iniziale: -2.45942 -1.58677  6.49164
det = 42.8421

J inversa
   0.0383604    -0.381848   5.6427e-18    -0.380702   -0.0382453  5.59105e-06
   -0.037158   -0.0239725    -0.235272 -0.000450705    -0.196348  2.81235e-06
   -0.206822    -0.133439      0.23542    -0.156503     0.439739 -4.21142e-06
    0.243979     0.157416 -0.000148113     0.256915     -1.23838  1.42958e-05
 5.60544e-07 -5.57978e-06  3.98975e-18     0.994986    0.0999562 -1.46125e-05
  -0.0383604     0.381848  1.52559e-18     0.380717    0.0382468     0.999994
dot q: [0.251451, -0.053507, -0.279758, 0.333273, 2e-06, -0.073369]
STEP 27
Posizione end effector iniziale: -2.39213 -1.60576  6.49176
det = 41.914

J inversa
   0.0430502    -0.389137  1.16029e-17     -0.38797   -0.0429211  5.57892e-06
  -0.0398812   -0.0267698    -0.235179 -0.000903551    -0.193294  2.77774e-06
   -0.202676    -0.136052     0.235882    -0.161507     0.435817 -4.17011e-06
    0.242557     0.162827 -0.000702713     0.272374     -1.23646  1.42091e-05
 6.15299e-07 -5.56177e-06 -8.75381e-19     0.993931     0.109959 -1.42925e-05
  -0.0430502     0.389137 -1.34309e-17     0.387984    0.0429227     0.999994
dot q: [0.26292, -0.056644, -0.271332, 0.327981, 3e-06, -0.077273]
STEP 28
Posizione end effector iniziale: -2.32487 -1.62474  6.49189
det = 41.0017

J inversa
   0.0480931    -0.396519 -1.19385e-17    -0.395329   -0.0479488  5.61204e-06
  -0.0424897   -0.0296927    -0.235069  -0.00138141      -0.1903  2.73875e-06
   -0.198492    -0.138718     0.236361    -0.166678     0.431834 -4.09875e-06
    0.240981     0.168415   -0.0012921     0.288471     -1.23426  1.40567e-05
 6.77756e-07 -5.58797e-06  -3.9018e-18     0.992719     0.120405 -1.40925e-05
  -0.0480931     0.396519  1.15579e-17     0.395343    0.0479505     0.999994
dot q: [0.275055, -0.05951, -0.262839, 0.322357, 2e-06, -0.082278]
STEP 29
Posizione end effector iniziale: -2.25765  -1.6437  6.49203
det = 40.1065

J inversa
   0.0535137    -0.403975           -0    -0.402763   -0.0533531  5.59554e-06
  -0.0449728   -0.0327415    -0.234941  -0.00187987    -0.187373  2.70502e-06
    -0.19426    -0.141434     0.236854    -0.172024     0.427776 -4.06045e-06
    0.239232     0.174181  -0.00191374     0.305229     -1.23174  1.39722e-05
 7.37021e-07 -5.56378e-06 -7.95375e-18     0.991334      0.13132 -1.37725e-05
  -0.0535137     0.403975  9.92975e-18     0.402777    0.0533549     0.999994
dot q: [0.287858, -0.062102, -0.254279, 0.316386, 3e-06, -0.088464]
STEP 30
Posizione end effector iniziale: -2.19045 -1.66264  6.49217
det = 39.2297

J inversa
   0.0593371    -0.411484 -1.26712e-17     -0.41025   -0.0591591  5.62575e-06
  -0.0473191   -0.0359159    -0.234794  -0.00239397    -0.184519  2.66763e-06
   -0.189976    -0.144202     0.237359    -0.177548      0.42363 -3.99205e-06
    0.237294     0.180123  -0.00256504     0.322673     -1.22887  1.38212e-05
 8.05358e-07 -5.58491e-06  1.71678e-18     0.989757     0.142725 -1.35725e-05
  -0.0593371     0.411484  1.38877e-17     0.410263     0.059161     0.999994
dot q: [0.301392, -0.064394, -0.245614, 0.310012, 3e-06, -0.095703]
STEP 31
Posizione end effector iniziale: -2.12328 -1.68158  6.49231
det = 38.3728

J inversa
   0.0655898    -0.419021           -0    -0.417764    -0.065393  5.67152e-06
  -0.0495162   -0.0392141    -0.234629  -0.00291698    -0.181747  2.63244e-06
   -0.185632    -0.147017     0.237872    -0.183255     0.419381 -3.92045e-06
    0.235148     0.186237  -0.00324308     0.340825      -1.2256  1.36648e-05
 8.79728e-07 -5.62015e-06 -1.60673e-19     0.987964     0.154647 -1.34125e-05
  -0.0655898     0.419021 -6.79432e-20     0.417777    0.0653951     0.999994
dot q: [0.315679, -0.06638, -0.236819, 0.303155, -7e-06, -0.104072]
STEP 32
Posizione end effector iniziale: -2.05613  -1.7005  6.49246
det = 37.5371

J inversa
   0.0722982    -0.426554           -0    -0.425274   -0.0720813  6.54453e-06
  -0.0515508   -0.0426332    -0.234447  -0.00344062    -0.179065  2.73273e-06
   -0.181222    -0.149879     0.238392    -0.189151     0.415013 -3.80166e-06
    0.232772     0.192518  -0.00394484     0.359708     -1.22189  1.37257e-05
 1.09695e-06 -6.47192e-06  -4.2718e-19     0.985932     0.167109 -1.51725e-05
  -0.0722982     0.426554 -2.65416e-17     0.425289    0.0720838     0.999993
dot q: [0.330741, -0.068004, -0.227955, 0.295969, 2e-06, -0.113588]
STEP 33
Posizione end effector iniziale:   -1.989 -1.71941  6.49261
det = 36.724

J inversa
   0.0794892    -0.434047 -2.79091e-17    -0.432745   -0.0792507  6.49908e-06
  -0.0534095    -0.046169    -0.234248  -0.00395615     -0.17648   2.7014e-06
   -0.176739    -0.152785     0.238915    -0.195239      0.41051 -3.77619e-06
    0.230147      0.19896  -0.00466665      0.37934     -1.21767  1.36515e-05
 1.17426e-06   -6.412e-06  3.19742e-19     0.983635     0.180138 -1.47725e-05
  -0.0794892     0.434047  1.34031e-17     0.432759    0.0792534     0.999994
dot q: [0.346624, -0.069286, -0.218916, 0.288212, 1e-06, -0.124238]
STEP 34
Posizione end effector iniziale: -1.92188 -1.73831  6.49277
det = 35.9349

J inversa
   0.0871891    -0.441459  1.44419e-17    -0.440135   -0.0869276  6.44807e-06
  -0.0550773   -0.0498152    -0.234034  -0.00445179    -0.174002  2.67661e-06
   -0.172176    -0.155732     0.239439    -0.201522     0.405856 -3.76997e-06
    0.227252     0.205553  -0.00540497     0.399739      -1.2129  1.36301e-05
 1.25313e-06  -6.3449e-06  2.23385e-18     0.981043     0.193758 -1.43725e-05
  -0.0871891     0.441459 -1.23643e-17     0.440149    0.0869304     0.999994
dot q: [0.363316, -0.07019, -0.209753, 0.279951, 3e-06, -0.13602]
STEP 35
Posizione end effector iniziale: -1.85477  -1.7572  6.49293
det = 35.1713

J inversa
   0.0954233    -0.448742           -0    -0.447396   -0.0951371  6.42764e-06
  -0.0565396   -0.0535638    -0.233805  -0.00491487    -0.171639  2.64115e-06
   -0.167526    -0.158715     0.239961    -0.208003     0.401032 -3.72095e-06
    0.224065     0.212285  -0.00615584      0.42092     -1.20752  1.34965e-05
 1.34094e-06 -6.30598e-06  6.78709e-18     0.978123     0.207994 -1.40525e-05
  -0.0954233     0.448742  3.18996e-18     0.447409      0.09514     0.999994
dot q: [0.380868, -0.070685, -0.200415, 0.271109, 1e-06, -0.148945]
STEP 36
Posizione end effector iniziale: -1.78768 -1.77609   6.4931
det = 34.4346

J inversa
    0.104216    -0.455841  -3.1052e-17    -0.454473    -0.103903  6.38347e-06
  -0.0577807   -0.0574045    -0.233563  -0.00532981    -0.169402  2.61732e-06
   -0.162784    -0.161731     0.240478    -0.214684     0.396023 -3.71332e-06
    0.220564     0.219141  -0.00691491     0.442892     -1.20147  1.34727e-05
 1.42698e-06 -6.24163e-06  4.43909e-18     0.974841     0.222871 -1.36925e-05
   -0.104216     0.455841  1.97361e-18     0.454486     0.103906     0.999994
dot q: [0.399278, -0.070761, -0.190922, 0.261687, 4e-06, -0.163032]
STEP 37
Posizione end effector iniziale: -1.72059 -1.79496  6.49327
det = 33.7264

J inversa
    0.113588    -0.462694  1.23705e-16    -0.461305    -0.113247  6.42801e-06
  -0.0587855   -0.0613247    -0.233311   -0.0056795    -0.167298  2.58277e-06
   -0.157944    -0.164772     0.240988    -0.221563     0.390807 -3.63109e-06
    0.216728     0.226103  -0.00767763     0.465661     -1.19467  1.32651e-05
 1.53713e-06 -6.26144e-06  2.52847e-18     0.971158     0.238411 -1.35325e-05
   -0.113588     0.462694 -1.04967e-16     0.461319      0.11325     0.999994
dot q: [0.418579, -0.070382, -0.181254, 0.25165, -4.6e-05, -0.178213]
STEP 38
Posizione end effector iniziale: -1.65352 -1.81383  6.49344
det = 33.048

J inversa
    0.123557    -0.469231            0    -0.467823    -0.123187  6.27575e-06
  -0.0595384   -0.0653089    -0.233049  -0.00594335    -0.165334   2.8469e-06
   -0.152999    -0.167834     0.241488    -0.228642     0.385367 -4.46156e-06
    0.212535      0.23315  -0.00843901     0.489231     -1.18707  1.56714e-05
 1.60286e-06 -6.08714e-06  1.88722e-18      0.96703     0.254637 -1.29725e-05
   -0.123557     0.469231  9.13011e-19     0.467836      0.12319     0.999994
dot q: [0.438702, -0.069562, -0.171394, 0.240963, 1e-05, -0.194538]
STEP 39
Posizione end effector iniziale: -1.58645 -1.83269  6.49361
det = 32.4011

J inversa
    0.134138    -0.475377            0    -0.473951    -0.133736  6.25056e-06
  -0.0600247   -0.0693398    -0.232782  -0.00610116     -0.16352  2.76477e-06
   -0.147943    -0.170909     0.241976    -0.235916     0.379682 -4.29223e-06
    0.207966     0.240255  -0.00919415     0.513592     -1.17858  1.51842e-05
 1.70256e-06 -6.03376e-06 -1.66952e-18     0.962413     0.271567 -1.26925e-05
   -0.134138     0.475377 -8.22195e-19     0.473963     0.133739     0.999994
dot q: [0.459668, -0.06826, -0.161358, 0.229624, 1e-05, -0.211827]
STEP 40
Posizione end effector iniziale: -1.51938 -1.85155   6.4938
det = 31.7872

J inversa
    0.145339    -0.481047 -1.19924e-16    -0.479604    -0.144903  6.23894e-06
  -0.0602306   -0.0733965     -0.23251  -0.00612805    -0.161858  2.68652e-06
   -0.142772    -0.173988     0.242448    -0.243379     0.373734 -4.12075e-06
    0.203001     0.247391  -0.00993763     0.538731     -1.16914   1.4691e-05
 1.80984e-06 -5.99028e-06  3.73631e-18     0.957257     0.289216 -1.24525e-05
   -0.145339     0.481047  7.68712e-19     0.479616     0.144906     0.999994
dot q: [0.481458, -0.066464, -0.151121, 0.217592, 1e-05, -0.23022]
STEP 41
Posizione end effector iniziale: -1.45231  -1.8704  6.49398
det = 31.2077

J inversa
    0.157159    -0.486151 -1.18715e-16    -0.484693    -0.156687  6.20059e-06
  -0.0601431   -0.0774551    -0.232237  -0.00599734    -0.160355  2.60785e-06
   -0.137482    -0.177062     0.242901    -0.251026       0.3675 -3.95708e-06
    0.197623     0.254524   -0.0106639     0.564628     -1.15866   1.4206e-05
 1.91303e-06 -5.91772e-06  7.01377e-18     0.951511     0.307596 -1.21725e-05
   -0.157159     0.486151  1.11443e-16     0.484705     0.156691     0.999994
dot q: [0.504011, -0.064172, -0.14069, 0.204869, 1e-05, -0.249588]
STEP 42
Posizione end effector iniziale: -1.38525 -1.88925  6.49416
det = 30.6642

J inversa
    0.169592    -0.490592            0    -0.489121    -0.169083  6.15466e-06
  -0.0597515   -0.0814892    -0.231967  -0.00568066     -0.15901  2.53062e-06
   -0.132068    -0.180122     0.243334    -0.258848     0.360962 -3.79625e-06
    0.191818     0.261617   -0.0113671     0.591251     -1.14707  1.37224e-05
 2.01688e-06 -5.83441e-06  1.06569e-17     0.945116     0.326715 -1.18925e-05
   -0.169592     0.490592   5.5153e-18     0.489132     0.169087     0.999994
dot q: [0.527271, -0.061376, -0.130043, 0.191373, 6e-06, -0.269795]
STEP 43
Posizione end effector iniziale: -1.31819  -1.9081  6.49435
det = 30.1583

J inversa
     0.18262    -0.494267            0    -0.492784    -0.182072  7.21433e-06
  -0.0590466   -0.0854692    -0.231702  -0.00514725    -0.157823  2.60424e-06
   -0.126529    -0.183156     0.243743    -0.266832       0.3541 -3.43575e-06
    0.185573     0.268631   -0.0120417     0.618561      -1.1343  1.30482e-05
 2.50784e-06 -6.78756e-06  8.13617e-19     0.938015     0.346574 -1.37325e-05
    -0.18262     0.494267 -9.09449e-19     0.492797     0.182077     0.999993
dot q: [0.551144, -0.058074, -0.119235, 0.177317, 8e-06, -0.290895]
STEP 44
Posizione end effector iniziale: -1.25112 -1.92695  6.49454
det = 29.6914

J inversa
    0.196215    -0.497072  1.15231e-16     -0.49558    -0.195626  7.14614e-06
  -0.0580228   -0.0893636    -0.231445  -0.00436673    -0.156788  2.54253e-06
   -0.120862    -0.186152     0.244126    -0.274963     0.346893 -3.31772e-06
    0.178882     0.275521   -0.0126815     0.646506     -1.12026  1.26719e-05
 2.63174e-06 -6.66701e-06  4.43726e-18     0.930147     0.367167 -1.34125e-05
   -0.196215     0.497072  2.36422e-18     0.495593     0.195631     0.999993
dot q: [0.575547, -0.054277, -0.108209, 0.162495, 8e-06, -0.312584]
STEP 45
Posizione end effector iniziale: -1.18406 -1.94581  6.49473
det = 29.265

J inversa
    0.210335    -0.498898            0    -0.497401    -0.209704  7.04578e-06
  -0.0566772   -0.0931381      -0.2312   -0.0033063    -0.155897  2.47845e-06
   -0.115067    -0.189097     0.244481    -0.283225     0.339324  -3.2077e-06
    0.171742     0.282241    -0.013281     0.675022     -1.10488   1.2306e-05
 2.74541e-06  -6.5119e-06 -1.59845e-18     0.921449     0.388482 -1.30525e-05
   -0.210335     0.498898 -1.60011e-18     0.497413     0.209709     0.999993
dot q: [0.600299, -0.049999, -0.097002, 0.14701, 8e-06, -0.334822]
STEP 46
Posizione end effector iniziale: -1.11699 -1.96467  6.49492
det = 28.8804

J inversa
    0.224925    -0.499641  2.26038e-16    -0.498142     -0.22425  6.93384e-06
  -0.0550109   -0.0967569    -0.230971  -0.00193427    -0.155139  2.41421e-06
   -0.109146     -0.19198     0.244805    -0.291597     0.331377 -3.10056e-06
    0.164154     0.288742   -0.0138344     0.704033      -1.0881  1.19431e-05
 2.85488e-06 -6.34173e-06  3.95729e-18     0.911856     0.410494 -1.26925e-05
   -0.224925     0.499641 -2.14501e-16     0.498153     0.224255     0.999993
dot q: [0.6253, -0.045259, -0.085615, 0.130881, 1e-05, -0.357469]
STEP 47
Posizione end effector iniziale: -1.04991 -1.98353  6.49511
det = 28.539

J inversa
    0.239916    -0.499198            0      -0.4977    -0.239196  6.85418e-06
  -0.0530293    -0.100183     -0.23076 -0.000219433    -0.154495   2.3439e-06
   -0.103101    -0.194785     0.245096    -0.300054     0.323036 -2.95216e-06
    0.156127     0.294974   -0.0143363     0.733452     -1.06985   1.1465e-05
 2.97798e-06 -6.19633e-06  2.34392e-18     0.901305      0.43317 -1.24125e-05
   -0.239916     0.499198  1.10139e-16     0.497711     0.239202     0.999993
dot q: [0.65036, -0.040079, -0.074063, 0.114147, 8e-06, -0.380299]
STEP 48
Posizione end effector iniziale: -0.982826  -2.00241   6.49529
det = 28.242

J inversa
    0.255224    -0.497474 -5.54443e-17    -0.495982    -0.254458  6.80786e-06
  -0.0507421     -0.10338    -0.230571   0.00186754    -0.153945  2.29012e-06
  -0.0969362    -0.197501     0.245352    -0.308571     0.314289 -2.82975e-06
    0.147676     0.300886   -0.0147814      0.76318     -1.05008  1.10764e-05
 3.11694e-06 -6.07544e-06  1.00208e-23     0.889732     0.456468 -1.22125e-05
   -0.255224     0.497474 -8.20528e-19     0.495993     0.254464     0.999993
dot q: [0.675283, -0.034518, -0.062351, 0.096874, 8e-06, -0.403183]
STEP 49
Posizione end effector iniziale: -0.91574  -2.0213  6.49547
det = 27.9905

J inversa
     0.27075    -0.494386 -5.49263e-17    -0.492903    -0.269938  6.75081e-06
  -0.0481643     -0.10631    -0.230406   0.00435269    -0.153462  2.23617e-06
  -0.0906586    -0.200113     0.245572    -0.317118     0.305127 -2.70994e-06
     0.13882     0.306428   -0.0151653     0.793105     -1.02875  1.06905e-05
 3.25241e-06 -5.93886e-06 -9.12894e-18     0.877079     0.480331 -1.20125e-05
    -0.27075     0.494386 -5.13041e-18     0.492914     0.269944     0.999993
dot q: [0.699872, -0.0286, -0.050504, 0.079107, 1e-05, -0.425729]
STEP 50
Posizione end effector iniziale: -0.848636   -2.0402   6.49565
det = 27.7856

J inversa
    0.286383    -0.489864 -5.44175e-17    -0.488395    -0.285523  6.72802e-06
  -0.0453155     -0.10894    -0.230269   0.00725831    -0.153017  2.17666e-06
  -0.0842757    -0.202609     0.245753    -0.325662     0.295543 -2.54856e-06
    0.129588     0.311554   -0.0154836     0.823106     -1.00582  1.01886e-05
 3.40583e-06 -5.82575e-06  2.24636e-18     0.863291     0.504694 -1.18925e-05
   -0.286383     0.489864  1.27087e-18     0.488405     0.285529     0.999993
dot q: [0.723856, -0.022387, -0.03855, 0.060942, 8e-06, -0.447893]
STEP 51
Posizione end effector iniziale: -0.781525  -2.05911   6.49582
det = 27.628

J inversa
    0.301998    -0.483857  1.07835e-16    -0.482406    -0.301092  6.64907e-06
  -0.0422202    -0.111236    -0.230161     0.010601    -0.152574  2.12192e-06
  -0.0777974    -0.204978     0.245894    -0.334171     0.285535 -2.43378e-06
    0.120015     0.316219    -0.015733     0.853052    -0.981282  9.80861e-06
 3.53113e-06 -5.65754e-06   1.1037e-17     0.848318     0.529475 -1.16925e-05
   -0.301998     0.483857  5.40308e-18     0.482415     0.301098     0.999993
dot q: [0.747037, -0.015932, -0.026503, 0.042439, 7e-06, -0.46935]
STEP 52
Posizione end effector iniziale: -0.714403  -2.07804   6.49599
det = 27.5185

J inversa
    0.317462    -0.476334            0    -0.474905     -0.31651  6.58179e-06
  -0.0389076     -0.11317    -0.230084    0.0143918    -0.152096  2.07473e-06
  -0.0712348    -0.207209     0.245994    -0.342606     0.275105 -2.33285e-06
    0.110139     0.320384   -0.0159104     0.882806    -0.955132  9.47488e-06
 3.66116e-06 -5.49335e-06 -1.29909e-17      0.83212     0.554583 -1.15325e-05
   -0.317462     0.476334  -6.2036e-17     0.474914     0.316516     0.999993
dot q: [0.769153, -0.0093, -0.014396, 0.0237, 1e-05, -0.489765]
STEP 53
Posizione end effector iniziale: -0.647266  -2.09699   6.49614
det = 27.4574

J inversa
    0.332636    -0.467286            0    -0.465884    -0.331638  6.50361e-06
  -0.0354107    -0.114719     -0.23004    0.0186342    -0.151542  2.01058e-06
  -0.0646009    -0.209294     0.246053    -0.350932     0.264258 -2.18393e-06
    0.100009     0.324017   -0.0160138     0.912224    -0.927385  8.99011e-06
 3.78293e-06 -5.31425e-06  3.53183e-18     0.814667     0.579918 -1.13725e-05
   -0.332636     0.467286  1.09512e-16     0.465894     0.331645     0.999993
dot q: [0.789964, -0.002585, -0.002216, 0.004754, 1.6e-05, -0.509099]
STEP 54
Posizione end effector iniziale: -0.580118  -2.11595   6.49629
det = 27.4452

J inversa
    0.347377    -0.456733  5.24692e-17    -0.455363    -0.346335  7.58186e-06
   -0.031766    -0.115861    -0.230028     0.023325    -0.150872  2.06174e-06
  -0.0579095    -0.211225     0.246071    -0.359111     0.253006 -1.66603e-06
   0.0896727      0.32709   -0.0160421      0.94116    -0.898075  7.78104e-06
 4.60365e-06 -6.05289e-06 -2.76148e-18     0.795938     0.605366 -1.32525e-05
   -0.347377     0.456733 -6.89385e-19     0.455373     0.346343     0.999992
dot q: [0.809252, 0.004185, 0.009926, -0.014104, 5e-06, -0.526918]
STEP 55
Posizione end effector iniziale: -0.512954  -2.13494   6.49643
det = 27.4819

J inversa
    0.361544    -0.444718 -5.20027e-17    -0.443384     -0.36046  7.41279e-06
  -0.0280126    -0.116586    -0.230051    0.0284514    -0.150042   2.0133e-06
  -0.0511754    -0.212998     0.246045    -0.367104     0.241364 -1.62107e-06
   0.0791851     0.329588   -0.0159948      0.96947    -0.867253  7.58453e-06
 4.69016e-06 -5.76915e-06  2.01896e-17     0.775929     0.630809 -1.29725e-05
   -0.361544     0.444718  6.61702e-17     0.443394     0.360468     0.999993
dot q: [0.8268, 0.010901, 0.022079, -0.032974, 5e-06, -0.543049]
STEP 56
Posizione end effector iniziale: -0.44577 -2.15394  6.49656
det = 27.5673

J inversa
       0.375    -0.431311 -1.03088e-16    -0.430018    -0.373875  7.25531e-06
   -0.024191    -0.116886    -0.230106    0.0339945    -0.149012  1.96621e-06
  -0.0444139     -0.21461     0.245978    -0.374877     0.229351 -1.57283e-06
    0.068602     0.331499   -0.0158725     0.997011    -0.834987  7.38338e-06
 4.77472e-06 -5.49171e-06 -1.57099e-17     0.754646     0.656121 -1.27325e-05
      -0.375     0.431311   4.5666e-17     0.430027     0.373884     0.999993
dot q: [0.842358, 0.017498, 0.034181, -0.051673, 5e-06, -0.557375]
STEP 57
Posizione end effector iniziale: -0.37857 -2.17296  6.49667
det = 27.7012

J inversa
    0.387618    -0.416607            0    -0.415357    -0.386455  7.08748e-06
  -0.0203426     -0.11676    -0.230193    0.0399263    -0.147744   1.9177e-06
   -0.037641     -0.21606      0.24587    -0.382392     0.216994 -1.52643e-06
   0.0579808     0.332823   -0.0156766      1.02364    -0.801367   7.1855e-06
 4.84235e-06  -5.2045e-06 -1.27002e-18     0.732114     0.681171 -1.24925e-05
   -0.387618     0.416607 -7.20546e-19     0.415366     0.386464     0.999993
dot q: [0.855824, 0.023917, 0.046209, -0.070121, 7e-06, -0.569587]
STEP 58
Posizione end effector iniziale: -0.311356    -2.192   6.49678
det = 27.8831

J inversa
    0.399283     -0.40072 -5.06489e-17    -0.399518    -0.398085  6.93291e-06
  -0.0165082    -0.116214    -0.230311    0.0462128    -0.146201  1.85981e-06
  -0.0308723     -0.21735     0.245721    -0.389618      0.20432 -1.44285e-06
   0.0473776     0.333567   -0.0154094      1.04924    -0.766493  6.87981e-06
 4.90821e-06 -4.92589e-06  6.14413e-18     0.708372      0.70583 -1.22925e-05
   -0.399283      0.40072  4.32073e-18     0.399527     0.398093     0.999993
dot q: [0.867055, 0.030074, 0.058151, -0.08822, 7e-06, -0.579709]
STEP 59
Posizione end effector iniziale: -0.244127  -2.21105   6.49687
det = 28.1123

J inversa
    0.409896    -0.383786  5.02124e-17    -0.382635    -0.408666  6.76987e-06
  -0.0127269    -0.115259    -0.230458    0.0528138    -0.144353  1.80054e-06
  -0.0241227    -0.218484     0.245532    -0.396524     0.191361  -1.3607e-06
   0.0368468     0.333746   -0.0150738      1.07369    -0.730481  6.57693e-06
  4.9567e-06 -4.64097e-06 -1.77281e-17     0.683471     0.729968 -1.20925e-05
   -0.409896     0.383786 -9.92513e-18     0.382643     0.408675     0.999993
dot q: [0.875952, 0.035921, 0.069969, -0.105885, 6e-06, -0.587531]
STEP 60
Posizione end effector iniziale: -0.176882  -2.23012   6.49694
det = 28.3879

J inversa
    0.419377    -0.365953            0    -0.364855    -0.418119   6.5995e-06
 -0.00903594    -0.113913    -0.230631    0.0596841    -0.142174  1.74553e-06
  -0.0174067    -0.219467     0.245305    -0.403085     0.178154 -1.29658e-06
   0.0264398     0.333383   -0.0146737      1.09687    -0.693462  6.32782e-06
 4.98748e-06 -4.35213e-06  1.17641e-17      0.65748     0.753463 -1.18925e-05
   -0.419377     0.365953 -4.71257e-17     0.364863     0.418128     0.999993
dot q: [0.882476, 0.041406, 0.081656, -0.123056, 6e-06, -0.593056]
STEP 61
Posizione end effector iniziale: -0.109631  -2.24921   6.49701
det = 28.7089

J inversa
    0.427667     -0.34738            0    -0.346338    -0.426384    6.401e-06
 -0.00546933    -0.112197    -0.230828    0.0667752    -0.139645  1.68681e-06
  -0.0107374    -0.220307     0.245041    -0.409278     0.164736 -1.23869e-06
   0.0162039     0.332506   -0.0142133      1.11871    -0.655571  6.08866e-06
 4.98342e-06 -4.04787e-06 -1.68311e-17      0.63048     0.776198 -1.16525e-05
   -0.427667      0.34738 -9.24593e-18     0.346345     0.426393     0.999994
dot q: [0.886579, 0.046471, 0.093162, -0.139628, 8e-06, -0.596187]
STEP 62
Posizione end effector iniziale: -0.0423604    -2.2683    6.49706
det = 29.074

J inversa
    0.434726    -0.328232 -4.89452e-17    -0.327247    -0.433422  6.21977e-06
 -0.00205752    -0.110135    -0.231046    0.0740358    -0.136752   1.6186e-06
 -0.00412693    -0.221011     0.244743    -0.415085     0.151145  -1.1426e-06
  0.00618174     0.331148   -0.0136977      1.13912    -0.616957  5.74079e-06
 4.97874e-06  -3.7591e-06 -9.69156e-18     0.602563     0.798064 -1.14525e-05
   -0.434726     0.328232  4.90804e-17     0.327254     0.433431     0.999994
dot q: [0.888326, 0.051103, 0.1045, -0.155597, 8e-06, -0.597027]
STEP 63
Posizione end effector iniziale: 0.0249158   -2.2874    6.4971
det = 29.4822

J inversa
    0.440537    -0.308674  4.85364e-17    -0.307748    -0.439215  6.01332e-06
  0.00117301    -0.107756    -0.231281    0.0814145    -0.133489  1.54684e-06
  0.00241402     -0.22159     0.244412    -0.420493     0.137424 -1.05213e-06
 -0.00358962     0.329348   -0.0131319      1.15805    -0.577767  5.40207e-06
 4.93955e-06 -3.46103e-06  7.81375e-18     0.573831     0.818967 -1.12125e-05
   -0.440537     0.308674  3.46166e-18     0.307754     0.439224     0.999994
dot q: [0.887774, 0.055234, 0.115693, -0.170986, -1.9e-05, -0.595652]
STEP 64
Posizione end effector iniziale: 0.0921942  -2.30651   6.49713
det = 29.932

J inversa
    0.445098    -0.288867  9.62685e-17       -0.288    -0.443763  7.18026e-06
  0.00419983    -0.105089     -0.23153    0.0888616    -0.129854  1.78859e-06
  0.00887636    -0.222053     0.244052    -0.425492     0.123612  -1.0873e-06
  -0.0130792     0.327144   -0.0125219      1.17546    -0.538151  5.95549e-06
 6.04113e-06 -3.92067e-06 -1.89159e-17     0.544392     0.838822 -1.35725e-05
   -0.445098     0.288867 -6.41977e-17     0.288008     0.443774     0.999993
dot q: [0.88498, 0.058888, 0.126615, -0.185491, 6e-06, -0.59208]
STEP 65
Posizione end effector iniziale: 0.159481 -2.32563  6.49715
det = 30.4218

J inversa
    0.448433    -0.268968 -9.54772e-17    -0.268162    -0.447088  6.82572e-06
  0.00700527    -0.102165     -0.23179    0.0963249    -0.125852  1.70981e-06
   0.0152524    -0.222412     0.243663    -0.430077     0.109749 -1.06482e-06
  -0.0222606     0.324579   -0.0118733      1.19132    -0.498261  5.77179e-06
 5.87114e-06 -3.52149e-06  -3.7191e-18     0.514364     0.857564 -1.30925e-05
   -0.448433     0.268968 -1.27989e-18     0.268168     0.447099     0.999993
dot q: [0.880125, 0.062029, 0.13738, -0.199397, 5e-06, -0.586459]
STEP 66
Posizione end effector iniziale: 0.226764 -2.34475  6.49715
det = 30.9502

J inversa
    0.450575    -0.249122            0    -0.248374    -0.449223  6.47422e-06
  0.00957531   -0.0990151    -0.232057      0.10376    -0.121494  1.63779e-06
   0.0215362    -0.222678     0.243249     -0.43425    0.0958737 -1.05909e-06
  -0.0311143     0.321695   -0.0111919      1.20563    -0.458241  5.63807e-06
 5.68292e-06 -3.14207e-06 -2.27718e-18     0.483861     0.875137 -1.26125e-05
   -0.450575     0.249122 -1.16895e-18     0.248381     0.449235     0.999994
dot q: [0.873274, 0.064645, 0.147918, -0.212554, 4e-06, -0.578888]
STEP 67
Posizione end effector iniziale:  0.29405 -2.36387  6.49715
det = 31.5157

J inversa
    0.451576    -0.229461  4.69663e-17    -0.228773    -0.450221  6.18769e-06
      0.0119   -0.0956698    -0.232328     0.111122    -0.116795  1.57949e-06
   0.0277229    -0.222861     0.242812    -0.438013    0.0820245 -1.05499e-06
  -0.0396256     0.318532    -0.010484       1.2184    -0.418233  5.53228e-06
 5.53297e-06 -2.81149e-06 -1.00523e-17     0.453003     0.891502 -1.22525e-05
   -0.451576     0.229461 -5.36767e-18     0.228778     0.450232     0.999994
dot q: [0.864647, 0.06676, 0.158255, -0.225006, 3e-06, -0.569653]
STEP 68
Posizione end effector iniziale: 0.361324   -2.383  6.49714
det = 32.1166

J inversa
    0.451496    -0.210105 -2.32947e-17    -0.209475    -0.450141   5.9046e-06
   0.0139731   -0.0921585      -0.2326     0.118373    -0.111773  1.52834e-06
   0.0338092    -0.222973     0.242355    -0.441375    0.0682359 -1.06775e-06
   -0.047785     0.315133  -0.00975521      1.22964    -0.378368   5.4762e-06
 5.36945e-06 -2.49869e-06 -6.68454e-18     0.421905     0.906634 -1.18925e-05
   -0.451496     0.210105  2.33171e-17      0.20948     0.450152     0.999994
dot q: [0.854394, 0.068349, 0.168389, -0.236729, 5e-06, -0.558723]
STEP 69
Posizione end effector iniziale: 0.428595 -2.40211  6.49712
det = 32.7513

J inversa
    0.450405    -0.191157 -2.31093e-17    -0.190584    -0.449054  5.62586e-06
   0.0157917   -0.0885097     -0.23287     0.125479     -0.10645  1.46594e-06
   0.0397933    -0.223024     0.241881    -0.444346    0.0545403 -1.04575e-06
  -0.0555875     0.311534  -0.00901156      1.23939     -0.33877   5.3166e-06
 5.19433e-06 -2.20454e-06 -1.19764e-18      0.39068     0.920521 -1.15325e-05
   -0.450405     0.191157 -5.84252e-19     0.190588     0.449065     0.999994
dot q: [0.842691, 0.06945, 0.17832, -0.24776, 5e-06, -0.546482]
STEP 70
Posizione end effector iniziale: 0.495853 -2.42123   6.4971
det = 33.4184

J inversa
     0.44838    -0.172707  2.29268e-17    -0.172189    -0.447035  5.33307e-06
   0.0173556   -0.0847496    -0.233135      0.13241    -0.100849  1.40269e-06
   0.0456742    -0.223023     0.241393     -0.44694    0.0409671 -1.02795e-06
  -0.0630323     0.307774  -0.00825854       1.2477    -0.299552  5.16206e-06
 4.99163e-06 -1.92267e-06  6.88012e-18     0.359435     0.933164 -1.11325e-05
    -0.44838     0.172707 -2.32748e-17     0.172193     0.447046     0.999995
dot q: [0.829713, 0.070067, 0.188049, -0.258107, 4e-06, -0.532966]
STEP 71
Posizione end effector iniziale: 0.563097 -2.44034  6.49707
det = 34.116

J inversa
    0.445502    -0.154827            0    -0.154362    -0.444165  5.06552e-06
   0.0186674   -0.0809027    -0.233392      0.13914    -0.094998  1.34896e-06
   0.0514523    -0.222982     0.240893    -0.449175    0.0275429 -1.02173e-06
  -0.0701221     0.303885  -0.00750156      1.25462    -0.260817  5.04956e-06
  4.7992e-06 -1.66789e-06  1.22922e-18     0.328273     0.944578 -1.07725e-05
   -0.445502     0.154827 -2.61665e-17     0.154366     0.444175     0.999995
dot q: [0.815644, 0.070225, 0.197592, -0.267807, 3e-06, -0.51833]
STEP 72
Posizione end effector iniziale: 0.630326 -2.45946  6.49704
det = 34.8428

J inversa
    0.441851    -0.137577  4.51409e-17    -0.137164    -0.440525  4.78576e-06
   0.0197314   -0.0769914    -0.233639      0.14565   -0.0889216  1.30152e-06
   0.0571287    -0.222908     0.240385    -0.451068    0.0142907 -1.03691e-06
  -0.0768624       0.2999  -0.00674568      1.26021    -0.222654  4.99219e-06
 4.58313e-06 -1.42703e-06  -2.8985e-18     0.297286     0.954783 -1.03725e-05
   -0.441851     0.137577 -1.33736e-18     0.137167     0.440535     0.999995
dot q: [0.80063, 0.069939, 0.206926, -0.276853, 5e-06, -0.502866]
STEP 73
Posizione end effector iniziale: 0.697539 -2.47857    6.497
det = 35.5971

J inversa
     0.43751    -0.121002            0    -0.120639    -0.436198  4.47712e-06
   0.0205539    -0.073036    -0.233875     0.151923   -0.0826473  1.23925e-06
   0.0627053    -0.222809     0.239871     -0.45264   0.00123063 -1.02588e-06
  -0.0832614     0.295846  -0.00599572      1.26453    -0.185144  4.84343e-06
 4.32811e-06 -1.19702e-06  8.36001e-18     0.266562     0.963813 -9.89254e-06
    -0.43751     0.121002 -2.27642e-17     0.120642     0.436207     0.999996
dot q: [0.784854, 0.069217, 0.216104, -0.285313, 5e-06, -0.486604]
STEP 74
Posizione end effector iniziale: 0.764732 -2.49768  6.49696
det = 36.3772

J inversa
    0.432561    -0.105136            0    -0.104821    -0.431264   4.2485e-06
   0.0211425   -0.0690545    -0.234097     0.157948   -0.0762015  1.18455e-06
   0.0681847    -0.222695     0.239354    -0.453912   -0.0116206 -9.94557e-07
  -0.0893293      0.29175  -0.00525638      1.26767    -0.148354  4.66681e-06
 4.14073e-06 -1.00642e-06  2.52846e-18     0.236177     0.971706 -9.57254e-06
   -0.432561     0.105136  1.12221e-18     0.104823     0.431273     0.999996
dot q: [0.768448, 0.068096, 0.225121, -0.293246, 3.7e-05, -0.469785]
STEP 75
Posizione end effector iniziale: 0.831908 -2.51677  6.49692
det = 37.1818

J inversa
    0.427081   -0.0899996 -1.10282e-17   -0.0897296      -0.4258   4.6703e-06
   0.0215058   -0.0650628    -0.234304     0.163717   -0.0696105  9.58156e-07
   0.0735698    -0.222571     0.238836    -0.454906   -0.0242488  -2.2483e-07
  -0.0950771     0.287634  -0.00453186       1.2697    -0.112342  2.64348e-06
 4.58368e-06 -9.65929e-07  -6.3668e-19     0.206202     0.978505 -1.07325e-05
   -0.427081    0.0899996   1.2981e-17    0.0897319     0.425811     0.999995
dot q: [0.751609, 0.066618, 0.233955, -0.300561, -2e-06, -0.452509]
STEP 76
Posizione end effector iniziale: 0.899065 -2.53587  6.49688
det = 38.0093

J inversa
    0.421145   -0.0756042 -1.09452e-17   -0.0753774    -0.419881  4.37368e-06
    0.021653   -0.0610747    -0.234495     0.169225   -0.0628978  9.42346e-07
    0.078865    -0.222444     0.238321    -0.455644   -0.0366451 -3.32678e-07
   -0.100519     0.283519  -0.00382587      1.27069   -0.0771517  2.84714e-06
 4.31782e-06 -7.75138e-07 -1.60057e-18     0.176695     0.984261 -1.02525e-05
   -0.421145    0.0756042 -1.39123e-17    0.0753792     0.419891     0.999996
dot q: [0.734378, 0.064775, 0.242653, -0.307419, 1e-06, -0.434938]
STEP 77
Posizione end effector iniziale: 0.966199 -2.55497  6.49684
det = 38.8582

J inversa
    0.414821   -0.0619533            0   -0.0617675    -0.413577  4.13672e-06
   0.0215937   -0.0571023    -0.234669     0.174471   -0.0560878  9.11726e-07
   0.0840738     -0.22232     0.237811    -0.456151   -0.0488004 -3.72845e-07
   -0.105669     0.279423  -0.00314213      1.27071   -0.0428215  2.87793e-06
 4.10366e-06 -6.12878e-07  2.94884e-18     0.147711     0.989026 -9.89254e-06
   -0.414821    0.0619533  1.21133e-18    0.0617689     0.413587     0.999996
dot q: [0.716927, 0.0626, 0.251203, -0.313794, -0, -0.41708]
STEP 78
Posizione end effector iniziale:  1.03331 -2.57406   6.4968
det = 39.727

J inversa
    0.408177   -0.0490424            0   -0.0488953    -0.406953  3.90721e-06
   0.0213382   -0.0531559    -0.234825     0.179455   -0.0492024  8.90451e-07
   0.0892007    -0.222205     0.237309    -0.456447   -0.0607098 -4.30075e-07
    -0.11054     0.275361  -0.00248398      1.26985  -0.00937822  2.95643e-06
 3.89098e-06 -4.67501e-07 -6.99697e-19     0.119291     0.992855 -9.53254e-06
   -0.408177    0.0490424 -2.69563e-19    0.0488964     0.406962     0.999996
dot q: [0.699353, 0.060126, 0.259625, -0.319741, -1e-06, -0.39923]
STEP 79
Posizione end effector iniziale:   1.1004 -2.59315  6.49676
det = 40.6143

J inversa
    0.401272   -0.0368607 -1.07034e-17   -0.0367501    -0.400068  3.66904e-06
   0.0208964   -0.0492441    -0.234964     0.184183   -0.0422618  8.77857e-07
   0.0942504    -0.222104     0.236818    -0.456556   -0.0723707 -5.09166e-07
   -0.115148     0.271349  -0.00185434      1.26818    0.0231595  3.08812e-06
 3.66465e-06 -3.36633e-07 -5.12835e-19     0.091474     0.995804 -9.13255e-06
   -0.401272    0.0368607 -2.06038e-19    0.0367509     0.400078     0.999996
dot q: [0.681744, 0.057351, 0.267939, -0.325282, -1e-06, -0.381244]
STEP 80
Posizione end effector iniziale:  1.16748 -2.61223  6.49672
det = 41.5186

J inversa
    0.394162   -0.0253925            0   -0.0253163    -0.392979  3.47034e-06
   0.0202785    -0.045374    -0.235084     0.188658   -0.0352848  8.69695e-07
   0.0992277    -0.222022      0.23634    -0.456499   -0.0837825 -5.78719e-07
   -0.119508     0.267396  -0.00125609      1.26577    0.0547804  3.20583e-06
 3.47358e-06 -2.23773e-07  1.14958e-18     0.064288     0.997928 -8.81255e-06
   -0.394162    0.0253925  4.52708e-19    0.0253169     0.392988     0.999997
dot q: [0.664181, 0.054317, 0.276141, -0.330449, -2e-06, -0.363362]
STEP 81
Posizione end effector iniziale:  1.23453 -2.63131  6.49668
det = 42.4384

J inversa
    0.386895   -0.0146182            0   -0.0145743    -0.385734  3.26278e-06
   0.0194942   -0.0415514    -0.235186     0.192889   -0.0282881  8.70636e-07
    0.104138    -0.221962     0.235878    -0.456299   -0.0949468 -6.70516e-07
   -0.123633     0.263513  -0.00069167       1.2627    0.0854799  3.37669e-06
 3.27026e-06 -1.23562e-07 -1.71991e-18    0.0377563     0.999284 -8.45255e-06
   -0.386895    0.0146182 -3.93498e-18    0.0145747     0.385743     0.999997
dot q: [0.646737, 0.051034, 0.284249, -0.335274, -3e-06, -0.345708]
STEP 82
Posizione end effector iniziale: 1.30156 -2.6504 6.49664
det = 43.3724

J inversa
    0.379518  -0.00451493  1.30903e-18  -0.00450138    -0.378379  3.06228e-06
   0.0185532    -0.037781     -0.23527     0.196883    -0.021287  8.82025e-07
    0.108985    -0.221929     0.235434    -0.455974    -0.105867 -7.80308e-07
    -0.12754      0.25971 -0.000163349      1.25902      0.11526  3.59509e-06
 3.07128e-06 -3.65374e-08 -3.87423e-20    0.0118956     0.999926 -8.09256e-06
   -0.379518   0.00451493 -8.31344e-19   0.00450148     0.378387     0.999997
dot q: [0.629472, 0.047526, 0.292275, -0.33979, -1e-06, -0.328181]
STEP 83
Posizione end effector iniziale:  1.36857 -2.66948  6.49661
det = 44.319

J inversa
     0.37207   0.00494248            0   0.00492765    -0.370954    2.839e-06
   0.0174645    -0.034066    -0.235338     0.200649   -0.0142947  8.78791e-07
    0.113776    -0.221926     0.235011    -0.455546    -0.116548 -8.62418e-07
   -0.131242     0.255992  0.000326865      1.25481     0.144127  3.72044e-06
 2.84729e-06  3.78227e-08  5.62385e-19   -0.0132825     0.999909 -7.65256e-06
    -0.37207  -0.00494248 -6.06716e-19  -0.00492776     0.370961     0.999997
dot q: [0.612434, 0.043809, 0.300207, -0.344008, 0, -0.310797]
STEP 84
Posizione end effector iniziale:  1.43557 -2.68856  6.49658
det = 45.2768

J inversa
    0.364587    0.0137808            0    0.0137394    -0.363493  2.66725e-06
   0.0162369   -0.0304094    -0.235389     0.204199    -0.007323   8.7169e-07
    0.118516    -0.221957     0.234612    -0.455032    -0.126996 -9.12568e-07
   -0.134754     0.252366  0.000777154      1.25012     0.172092  3.77769e-06
 2.67336e-06  1.01049e-07  4.19851e-19   -0.0377712     0.999284 -7.33256e-06
   -0.364587   -0.0137808 -3.10451e-18   -0.0137397     0.363501     0.999997
dot q: [0.595653, 0.039874, 0.308103, -0.347999, 4e-05, -0.293853]
STEP 85
Posizione end effector iniziale:  1.50255 -2.70764  6.49655
det = 46.2445

J inversa
    0.357101    0.0220276            0    0.0219615     -0.35603  2.92948e-06
   0.0148789   -0.0268126    -0.235424     0.207543 -0.000382669  5.50666e-07
    0.123209    -0.222025     0.234239    -0.454452    -0.137218 -9.23026e-08
   -0.138088     0.248838   0.00118562      1.24501     0.199169  1.67845e-06
 2.93272e-06  1.80903e-07 -1.08891e-18   -0.0615673       0.9981 -8.21256e-06
   -0.357101   -0.0220276 -3.84316e-19    -0.021962     0.356038     0.999997
dot q: [0.579224, 0.03578, 0.315927, -0.351702, -4e-06, -0.277211]
STEP 86
Posizione end effector iniziale:  1.56952 -2.72671  6.49652
det = 47.2204

J inversa
    0.349638     0.029712  5.08957e-18    0.0296228     -0.34859  2.80317e-06
    0.013398   -0.0232767    -0.235446     0.210691   0.00651919  5.74347e-07
    0.127862    -0.222133     0.233895    -0.453822    -0.147224 -1.99729e-07
    -0.14126      0.24541   0.00155097      1.23954     0.225379   1.9222e-06
 2.80151e-06  2.38069e-07  -1.7555e-19   -0.0846737     0.996406 -8.01256e-06
   -0.349638    -0.029712 -6.14169e-20   -0.0296235     0.348598     0.999997
dot q: [0.563095, 0.031509, 0.323712, -0.355214, -2e-06, -0.260848]
STEP 87
Posizione end effector iniziale:  1.63647 -2.74579   6.4965
det = 48.2031

J inversa
    0.342224    0.0368619 -5.05421e-18    0.0367513    -0.341197  2.65359e-06
   0.0118015   -0.0198019    -0.235454     0.213657    0.0133745  5.82413e-07
     0.13248    -0.222285     0.233582     -0.45316    -0.157023  -2.7891e-07
   -0.144282     0.242087   0.00187175      1.23375     0.250743  2.07331e-06
 2.64627e-06  2.85038e-07 -4.85084e-19    -0.107093     0.994246 -7.73256e-06
   -0.342224   -0.0368619 -1.92446e-19   -0.0367521     0.341205     0.999997
dot q: [0.547344, 0.027074, 0.331498, -0.358607, -3.1e-05, -0.244898]
STEP 88
Posizione end effector iniziale:   1.7034 -2.76487  6.49648
det = 49.1912

J inversa
    0.334876     0.043506 -1.00387e-17    0.0433755    -0.333872  3.07474e-06
    0.010096   -0.0163877     -0.23545     0.216451    0.0201784  8.57669e-07
    0.137069    -0.222483     0.233303     -0.45248    -0.166626 -7.23881e-07
   -0.147166      0.23887   0.00214659       1.2277     0.275283  3.48302e-06
 3.05829e-06  3.97322e-07  1.02123e-18    -0.128833     0.991663 -9.13255e-06
   -0.334876    -0.043506  1.97851e-17   -0.0433767     0.333881     0.999997
dot q: [0.531956, 0.022515, 0.339197, -0.3617, -7e-06, -0.229324]
STEP 89
Posizione end effector iniziale:  1.77033 -2.78394  6.49646
det = 50.1829

J inversa
    0.327615    0.0496721            0    0.0495231    -0.326632  2.85851e-06
  0.00828793   -0.0130338    -0.235436     0.219084     0.026925   9.1364e-07
    0.141635    -0.222729     0.233061    -0.451797    -0.176043 -9.23506e-07
   -0.149924     0.235763   0.00237454      1.22141     0.299023  3.90668e-06
 2.83472e-06  4.29792e-07  1.50073e-18    -0.149904     0.988698 -8.65256e-06
   -0.327615   -0.0496721  4.62849e-19   -0.0495244     0.326641     0.999997
dot q: [0.51696, 0.017795, 0.34693, -0.364716, -5e-06, -0.214141]
STEP 90
Posizione end effector iniziale:  1.83724 -2.80302  6.49645
det = 51.1768

J inversa
    0.320454    0.0553874            0    0.0552212    -0.319492   2.6887e-06
  0.00638288  -0.00973869    -0.235413      0.22157    0.0336117  9.56201e-07
    0.146184    -0.223028     0.232859    -0.451127    -0.185287 -1.07356e-06
   -0.152568     0.232766   0.00255424      1.21495     0.321992  4.21417e-06
 2.65739e-06  4.59305e-07  9.02763e-18    -0.170315     0.985387 -8.29256e-06
   -0.320454   -0.0553874  2.90938e-18   -0.0552227     0.319501     0.999997
dot q: [0.502368, 0.012953, 0.354661, -0.367606, -5e-06, -0.199413]
STEP 91
Posizione end effector iniziale: 1.90414 -2.8221 6.49644
det = 52.1713

J inversa
    0.313405    0.0606785            0    0.0604964    -0.312465  2.53741e-06
  0.00438586  -0.00650074    -0.235383     0.223919    0.0402362  1.00186e-06
    0.150722    -0.223381     0.232698    -0.450482    -0.194369  -1.2204e-06
   -0.155109     0.229882   0.00268471      1.20833     0.344215  4.51536e-06
 2.49865e-06  4.83764e-07  6.91881e-18     -0.19008     0.981766 -7.97256e-06
   -0.313405   -0.0606785  2.23935e-18   -0.0604979     0.312472     0.999997
dot q: [0.488178, 0.007993, 0.362402, -0.370384, -4e-06, -0.185071]
STEP 92
Posizione end effector iniziale:  1.97103 -2.84116  6.49643
det = 53.1647

J inversa
    0.306478    0.0655708 -9.76908e-18     0.065374    -0.305559  2.35374e-06
  0.00230142  -0.00331794    -0.235348     0.226143    0.0467974  1.04089e-06
    0.155254    -0.223793     0.232583    -0.449875    -0.203303 -1.36167e-06
   -0.157557      0.22711   0.00276493       1.2016     0.365722  4.77759e-06
 2.30857e-06  4.93917e-07 -3.97577e-18    -0.209214     0.977868 -7.53256e-06
   -0.306478   -0.0655708 -1.24236e-18   -0.0653756     0.305566     0.999998
dot q: [0.474394, 0.002917, 0.37018, -0.373084, -7e-06, -0.17112]
STEP 93
Posizione end effector iniziale:  2.03791 -2.86024  6.49643
det = 54.1553

J inversa
    0.299682    0.0700887            0    0.0698784    -0.298783  2.15178e-06
 0.000133483  -0.00018789    -0.235311     0.228254    0.0532952  1.11088e-06
    0.159789    -0.224265     0.232517     -0.44932    -0.212103 -1.57048e-06
   -0.159923     0.224453   0.00279389      1.19479      0.38654   5.1964e-06
 2.10155e-06  4.91503e-07 -2.95608e-18    -0.227731     0.973722 -7.01257e-06
   -0.299682   -0.0700887  1.20002e-17     -0.06988      0.29879     0.999998
dot q: [0.461017, -0.002266, 0.377976, -0.375699, -5e-06, -0.157631]
STEP 94
Posizione end effector iniziale:  2.10478 -2.87931  6.49642
det = 55.1413

J inversa
    0.293023    0.0742557  1.92793e-17     0.074033    -0.292144  1.98083e-06
 -0.00211438   0.00289188    -0.235272     0.230263    0.0597302  1.16559e-06
    0.164331    -0.224801     0.232501    -0.448828    -0.220781 -1.73365e-06
   -0.162218     0.221909    0.0027706      1.18792       0.4067  5.50487e-06
 1.92592e-06  4.88052e-07  2.31224e-18    -0.245647     0.969357 -6.57257e-06
   -0.293023   -0.0742557  -1.2248e-17   -0.0740346      0.29215     0.999998
dot q: [0.448033, -0.007571, 0.385849, -0.378292, 3.8e-05, -0.144482]
STEP 95
Posizione end effector iniziale:  2.17165 -2.89839  6.49642
det = 56.121

J inversa
    0.286506     0.078094            0    0.0778597    -0.285646  2.11172e-06
 -0.00443918   0.00592436    -0.235235     0.232182    0.0661034  8.05414e-07
    0.168888    -0.225405     0.232541    -0.448411    -0.229352   -9.471e-07
    -0.16445     0.219481   0.00269384      1.18103     0.426229   3.5585e-06
 2.04353e-06  5.57012e-07    2.929e-18    -0.262979     0.964799 -7.13257e-06
   -0.286506    -0.078094 -1.20788e-17   -0.0778616     0.285653     0.999998
dot q: [0.435479, -0.012966, 0.39377, -0.380796, -8e-06, -0.131829]
STEP 96
Posizione end effector iniziale:  2.23852 -2.91746  6.49642
det = 57.0924

J inversa
    0.280134    0.0816249            0    0.0813801    -0.279293  1.98184e-06
 -0.00683875   0.00891255    -0.235201      0.23402    0.0724183  8.87612e-07
    0.173467     -0.22608     0.232638    -0.448081    -0.237832 -1.15455e-06
    -0.16663     0.217167   0.00256266      1.17414      0.44516  4.00375e-06
 1.90843e-06  5.56077e-07  1.76964e-18    -0.279744     0.960072 -6.81257e-06
   -0.280134   -0.0816249 -1.24703e-17    -0.081382       0.2793     0.999998
dot q: [0.423292, -0.018463, 0.401765, -0.383295, -5e-06, -0.119518]
STEP 97
Posizione end effector iniziale:  2.30537 -2.93653  6.49643
det = 58.0536

J inversa
     0.27391    0.0848684  1.89037e-17    0.0846138    -0.273088  1.86764e-06
 -0.00931104    0.0118598    -0.235173     0.235789    0.0786774  9.43272e-07
    0.178076    -0.226829     0.232797    -0.447849    -0.246235 -1.30039e-06
   -0.168766     0.214969   0.00237588      1.16726     0.463518  4.29393e-06
 1.78934e-06   5.5441e-07 -4.66024e-18    -0.295959     0.955199 -6.53257e-06
    -0.27391   -0.0848684 -1.42552e-17   -0.0846157     0.273094     0.999998
dot q: [0.411503, -0.02406, 0.409861, -0.385792, -8e-06, -0.107656]
STEP 98
Posizione end effector iniziale: 2.37222 -2.9556 6.49643
det = 59.0025

J inversa
    0.267835    0.0878433  1.87817e-17    0.0875797    -0.267032  1.73466e-06
  -0.0118548    0.0147697    -0.235154       0.2375    0.0848846  1.03225e-06
    0.182722    -0.227657     0.233022    -0.447727    -0.254576 -1.51682e-06
   -0.170869     0.212887   0.00213224      1.16043     0.481335  4.74139e-06
 1.65324e-06   5.4222e-07  9.58092e-18    -0.311641     0.950198 -6.17257e-06
   -0.267835   -0.0878433  2.66297e-18   -0.0875817     0.267038     0.999998
dot q: [0.400089, -0.029753, 0.418056, -0.388293, -5e-06, -0.096116]
STEP 99
Posizione end effector iniziale:  2.43907 -2.97467  6.49644
det = 59.9372

J inversa
    0.261911    0.0905674            0    0.0902957    -0.261125  1.59494e-06
  -0.0144692    0.0176461    -0.235147     0.239163    0.0910444  1.09447e-06
    0.187414    -0.228568     0.233317    -0.447725    -0.262873 -1.67925e-06
   -0.172946     0.210921   0.00183043      1.15365     0.498637   5.0416e-06
  1.5119e-06  5.22808e-07 -4.09867e-18    -0.326807     0.945089 -5.77257e-06
   -0.261911   -0.0905674 -1.15788e-18   -0.0902976      0.26113     0.999998
dot q: [0.389049, -0.03556, 0.426379, -0.39081, -5e-06, -0.084969]

Posizione end effector raggiunta:  2.50591 -2.99374  6.49645
CHECK COLLISIONI STEP 0
NO COLLISIONI

CHECK COLLISIONI STEP 1
NO COLLISIONI

CHECK COLLISIONI STEP 2
NO COLLISIONI

CHECK COLLISIONI STEP 3
NO COLLISIONI

CHECK COLLISIONI STEP 4
NO COLLISIONI

CHECK COLLISIONI STEP 5
NO COLLISIONI

CHECK COLLISIONI STEP 6
NO COLLISIONI

CHECK COLLISIONI STEP 7
NO COLLISIONI

CHECK COLLISIONI STEP 8
NO COLLISIONI

CHECK COLLISIONI STEP 9
NO COLLISIONI

CHECK COLLISIONI STEP 10
NO COLLISIONI

CHECK COLLISIONI STEP 11
NO COLLISIONI

CHECK COLLISIONI STEP 12
NO COLLISIONI

CHECK COLLISIONI STEP 13
NO COLLISIONI

CHECK COLLISIONI STEP 14
NO COLLISIONI

CHECK COLLISIONI STEP 15
NO COLLISIONI

CHECK COLLISIONI STEP 16
NO COLLISIONI

CHECK COLLISIONI STEP 17
NO COLLISIONI

CHECK COLLISIONI STEP 18
NO COLLISIONI

CHECK COLLISIONI STEP 19
NO COLLISIONI

CHECK COLLISIONI STEP 20
NO COLLISIONI

CHECK COLLISIONI STEP 21
NO COLLISIONI

CHECK COLLISIONI STEP 22
NO COLLISIONI

CHECK COLLISIONI STEP 23
NO COLLISIONI

CHECK COLLISIONI STEP 24
NO COLLISIONI

CHECK COLLISIONI STEP 25
NO COLLISIONI

CHECK COLLISIONI STEP 26
NO COLLISIONI

CHECK COLLISIONI STEP 27
NO COLLISIONI

CHECK COLLISIONI STEP 28
NO COLLISIONI

CHECK COLLISIONI STEP 29
NO COLLISIONI

CHECK COLLISIONI STEP 30
NO COLLISIONI

CHECK COLLISIONI STEP 31
NO COLLISIONI

CHECK COLLISIONI STEP 32
NO COLLISIONI

CHECK COLLISIONI STEP 33
NO COLLISIONI

CHECK COLLISIONI STEP 34
NO COLLISIONI

CHECK COLLISIONI STEP 35
NO COLLISIONI

CHECK COLLISIONI STEP 36
NO COLLISIONI

CHECK COLLISIONI STEP 37
NO COLLISIONI

CHECK COLLISIONI STEP 38
NO COLLISIONI

CHECK COLLISIONI STEP 39
NO COLLISIONI

CHECK COLLISIONI STEP 40
NO COLLISIONI

CHECK COLLISIONI STEP 41
NO COLLISIONI

CHECK COLLISIONI STEP 42
NO COLLISIONI

CHECK COLLISIONI STEP 43
NO COLLISIONI

CHECK COLLISIONI STEP 44
NO COLLISIONI

CHECK COLLISIONI STEP 45
NO COLLISIONI

CHECK COLLISIONI STEP 46
NO COLLISIONI

CHECK COLLISIONI STEP 47
NO COLLISIONI

CHECK COLLISIONI STEP 48
NO COLLISIONI

CHECK COLLISIONI STEP 49
NO COLLISIONI

CHECK COLLISIONI STEP 50
NO COLLISIONI

CHECK COLLISIONI STEP 51
NO COLLISIONI

CHECK COLLISIONI STEP 52
NO COLLISIONI

CHECK COLLISIONI STEP 53
NO COLLISIONI

CHECK COLLISIONI STEP 54
NO COLLISIONI

CHECK COLLISIONI STEP 55
NO COLLISIONI

CHECK COLLISIONI STEP 56
NO COLLISIONI

CHECK COLLISIONI STEP 57
NO COLLISIONI

CHECK COLLISIONI STEP 58
NO COLLISIONI

CHECK COLLISIONI STEP 59
NO COLLISIONI

CHECK COLLISIONI STEP 60
NO COLLISIONI

CHECK COLLISIONI STEP 61
NO COLLISIONI

CHECK COLLISIONI STEP 62
NO COLLISIONI

CHECK COLLISIONI STEP 63
NO COLLISIONI

CHECK COLLISIONI STEP 64
NO COLLISIONI

CHECK COLLISIONI STEP 65
NO COLLISIONI

CHECK COLLISIONI STEP 66
NO COLLISIONI

CHECK COLLISIONI STEP 67
NO COLLISIONI

CHECK COLLISIONI STEP 68
NO COLLISIONI

CHECK COLLISIONI STEP 69
NO COLLISIONI

CHECK COLLISIONI STEP 70
NO COLLISIONI

CHECK COLLISIONI STEP 71
NO COLLISIONI

CHECK COLLISIONI STEP 72
NO COLLISIONI

CHECK COLLISIONI STEP 73
NO COLLISIONI

CHECK COLLISIONI STEP 74
NO COLLISIONI

CHECK COLLISIONI STEP 75
NO COLLISIONI

CHECK COLLISIONI STEP 76
NO COLLISIONI

CHECK COLLISIONI STEP 77
NO COLLISIONI

CHECK COLLISIONI STEP 78
NO COLLISIONI

CHECK COLLISIONI STEP 79
NO COLLISIONI

CHECK COLLISIONI STEP 80
NO COLLISIONI

CHECK COLLISIONI STEP 81
NO COLLISIONI

CHECK COLLISIONI STEP 82
NO COLLISIONI

CHECK COLLISIONI STEP 83
NO COLLISIONI

CHECK COLLISIONI STEP 84
NO COLLISIONI

CHECK COLLISIONI STEP 85
NO COLLISIONI

CHECK COLLISIONI STEP 86
NO COLLISIONI

CHECK COLLISIONI STEP 87
NO COLLISIONI

CHECK COLLISIONI STEP 88
NO COLLISIONI

CHECK COLLISIONI STEP 89
NO COLLISIONI

CHECK COLLISIONI STEP 90
NO COLLISIONI

CHECK COLLISIONI STEP 91
NO COLLISIONI

CHECK COLLISIONI STEP 92
NO COLLISIONI

CHECK COLLISIONI STEP 93
NO COLLISIONI

CHECK COLLISIONI STEP 94
NO COLLISIONI

CHECK COLLISIONI STEP 95
NO COLLISIONI

CHECK COLLISIONI STEP 96
NO COLLISIONI

CHECK COLLISIONI STEP 97
NO COLLISIONI

CHECK COLLISIONI STEP 98
NO COLLISIONI

CHECK COLLISIONI STEP 99
NO COLLISIONI


MATRICE di q

-0.0568044 -0.0116575 -1.33362 -3.36712 -1.57081 5.11763 
-0.0526812 -0.00785275 -1.35595 -3.3486 -1.57081 5.10202 
-0.0484551 -0.00445371 -1.37746 -3.33049 -1.57081 5.08772 
-0.0441178 -0.00143031 -1.39823 -3.31274 -1.57081 5.07466 
-0.0396612 0.00124257 -1.41832 -3.29532 -1.57081 5.06273 
-0.0350769 0.00358661 -1.43779 -3.2782 -1.57081 5.05185 
-0.030356 0.00562065 -1.45668 -3.26135 -1.57081 5.04194 
-0.0254899 0.00735961 -1.47503 -3.24474 -1.57081 5.03294 
-0.0204693 0.00881873 -1.49288 -3.22835 -1.57081 5.02475 
-0.0152844 0.0100096 -1.51025 -3.21217 -1.57081 5.01733 
-0.00992451 0.0109431 -1.52717 -3.19618 -1.57081 5.01059 
-0.00437979 0.0116291 -1.54366 -3.18037 -1.57081 5.00448 
0.00136069 0.0120759 -1.55974 -3.16474 -1.57081 4.99894 
0.00730889 0.0122917 -1.57543 -3.14927 -1.57081 4.99391 
0.0134772 0.012284 -1.59074 -3.13395 -1.57081 4.98933 
0.0198785 0.01206 -1.60567 -3.11879 -1.57081 4.98515 
0.0265264 0.0116269 -1.62025 -3.10379 -1.57081 4.98132 
0.0334356 0.0109906 -1.63447 -3.08893 -1.57081 4.97779 
0.0406207 0.0101582 -1.64834 -3.07422 -1.57081 4.97451 
0.0480982 0.00913601 -1.66187 -3.05967 -1.57081 4.97143 
0.0558848 0.00793161 -1.67506 -3.04527 -1.57081 4.96851 
0.0639986 0.00655177 -1.68792 -3.03104 -1.57081 4.9657 
0.0724591 0.00500337 -1.70044 -3.01696 -1.57081 4.96295 
0.0812856 0.00329437 -1.71263 -3.00306 -1.57081 4.96022 
0.0904998 0.00143273 -1.72449 -2.98934 -1.57081 4.95747 
0.100124 -0.000572989 -1.73602 -2.97581 -1.57081 4.95465 
0.110182 -0.00271327 -1.74721 -2.96248 -1.57081 4.95171 
0.120699 -0.00497903 -1.75806 -2.94936 -1.57081 4.94862 
0.131701 -0.00735943 -1.76858 -2.93647 -1.57081 4.94533 
0.143215 -0.00984351 -1.77875 -2.92381 -1.57081 4.94179 
0.155271 -0.0124193 -1.78857 -2.91141 -1.57081 4.93796 
0.167898 -0.0150745 -1.79804 -2.89929 -1.57081 4.9338 
0.181128 -0.0177946 -1.80716 -2.88745 -1.57081 4.92926 
0.194993 -0.0205661 -1.81592 -2.87592 -1.57081 4.92429 
0.209525 -0.0233737 -1.82431 -2.86472 -1.57081 4.91885 
0.22476 -0.0262011 -1.83233 -2.85388 -1.57081 4.91289 
0.240731 -0.0290315 -1.83996 -2.84341 -1.57081 4.90637 
0.257474 -0.0318468 -1.84721 -2.83334 -1.57081 4.89924 
0.275022 -0.0346293 -1.85407 -2.8237 -1.57081 4.89146 
0.293409 -0.0373597 -1.86052 -2.81452 -1.57081 4.88298 
0.312668 -0.0400182 -1.86657 -2.80582 -1.57081 4.87378 
0.332828 -0.0425851 -1.87219 -2.79762 -1.57081 4.86379 
0.353919 -0.0450401 -1.8774 -2.78997 -1.57081 4.853 
0.375965 -0.0473631 -1.88217 -2.78287 -1.57081 4.84136 
0.398986 -0.0495342 -1.88649 -2.77637 -1.57081 4.82886 
0.422998 -0.0515341 -1.89037 -2.77049 -1.57081 4.81547 
0.44801 -0.0533445 -1.8938 -2.76526 -1.57081 4.80117 
0.474025 -0.0549477 -1.89676 -2.76069 -1.57081 4.78596 
0.501036 -0.0563284 -1.89926 -2.75682 -1.57081 4.76983 
0.529031 -0.0574724 -1.90128 -2.75365 -1.57081 4.7528 
0.557985 -0.0583679 -1.90282 -2.75122 -1.57081 4.73489 
0.587867 -0.0590051 -1.90388 -2.74952 -1.57081 4.71611 
0.618633 -0.0593771 -1.90445 -2.74857 -1.57081 4.69652 
0.650231 -0.0594805 -1.90454 -2.74838 -1.5708 4.67616 
0.682601 -0.0593131 -1.90415 -2.74894 -1.5708 4.65508 
0.715673 -0.0588771 -1.90326 -2.75026 -1.5708 4.63336 
0.749368 -0.0581772 -1.90189 -2.75233 -1.5708 4.61106 
0.783601 -0.0572205 -1.90005 -2.75513 -1.5708 4.58828 
0.818283 -0.0560175 -1.89772 -2.75866 -1.5708 4.56509 
0.853321 -0.0545807 -1.89492 -2.7629 -1.5708 4.54159 
0.88862 -0.0529245 -1.89166 -2.76782 -1.5708 4.51787 
0.924083 -0.0510656 -1.88793 -2.77341 -1.5708 4.49402 
0.959616 -0.0490215 -1.88375 -2.77963 -1.5708 4.47014 
0.995127 -0.0468121 -1.87912 -2.78647 -1.5708 4.44631 
1.03053 -0.0444566 -1.87406 -2.79389 -1.5708 4.42263 
1.06573 -0.0419755 -1.86856 -2.80186 -1.5708 4.39917 
1.10066 -0.0393897 -1.86264 -2.81037 -1.5708 4.37602 
1.13525 -0.0367193 -1.85631 -2.81937 -1.5708 4.35323 
1.16942 -0.0339853 -1.84958 -2.82884 -1.5708 4.33088 
1.20313 -0.0312073 -1.84245 -2.83875 -1.5708 4.30902 
1.23632 -0.0284046 -1.83492 -2.84907 -1.5708 4.2877 
1.26895 -0.0255956 -1.82702 -2.85978 -1.5708 4.26697 
1.30097 -0.0227981 -1.81874 -2.87086 -1.5708 4.24686 
1.33237 -0.0200294 -1.8101 -2.88227 -1.5708 4.22739 
1.3631 -0.0173055 -1.80109 -2.894 -1.5708 4.2086 
1.39317 -0.0146408 -1.79174 -2.90602 -1.5708 4.1905 
1.42254 -0.0120498 -1.78203 -2.91832 -1.5708 4.1731 
1.45122 -0.00954583 -1.77198 -2.93087 -1.5708 4.15642 
1.47919 -0.00714079 -1.7616 -2.94366 -1.5708 4.14045 
1.50646 -0.00484675 -1.75088 -2.95667 -1.5708 4.1252 
1.53303 -0.00267407 -1.73983 -2.96989 -1.5708 4.11067 
1.5589 -0.000632709 -1.72846 -2.9833 -1.5708 4.09684 
1.58408 0.00126833 -1.71677 -2.99689 -1.5708 4.08371 
1.60858 0.00302069 -1.70476 -3.01065 -1.5708 4.07128 
1.6324 0.00461565 -1.69244 -3.02457 -1.5708 4.05952 
1.65557 0.00604685 -1.6798 -3.03864 -1.5708 4.04844 
1.6781 0.00730721 -1.66685 -3.05285 -1.5708 4.038 
1.69999 0.00839017 -1.65359 -3.06719 -1.5708 4.02821 
1.72127 0.00929077 -1.64003 -3.08166 -1.5708 4.01903 
1.74195 0.0100026 -1.62615 -3.09625 -1.5708 4.01047 
1.76204 0.0105207 -1.61196 -3.11095 -1.5708 4.00249 
1.78157 0.0108404 -1.59747 -3.12577 -1.5708 3.99509 
1.80054 0.0109571 -1.58266 -3.14069 -1.5708 3.98824 
1.81898 0.0108665 -1.56754 -3.15572 -1.5708 3.98194 
1.83691 0.0105636 -1.55211 -3.17085 -1.5708 3.97616 
1.85432 0.010045 -1.53636 -3.18608 -1.5708 3.97088 
1.87126 0.00930645 -1.52029 -3.20142 -1.5708 3.9661 
1.88772 0.00834405 -1.50389 -3.21685 -1.5708 3.9618 
1.90372 0.00715393 -1.48717 -3.23238 -1.5708 3.95795 
1.91928 0.00573153 -1.47011 -3.24801 -1.5708 3.95455 

