
Posizione end effector raggiunta:  4.20007 -1.50035  5.49901

MATRICE di q
 -0.056001  -0.571173   -2.44192   -1.61177   -1.67022    5.25379
-0.0572609  -0.584053   -2.44079   -1.60028   -1.67145     5.2345
-0.0581886  -0.596739   -2.43964   -1.58869   -1.67236     5.2174
  -0.05883  -0.609261   -2.43846   -1.57698   -1.67296     5.2024
-0.0592247  -0.621642   -2.43725   -1.56518   -1.67328    5.18938
 -0.059408  -0.633903     -2.436    -1.5533   -1.67334    5.17825
-0.0594038  -0.646058   -2.43471   -1.54135   -1.67316    5.16892
-0.0592365  -0.658118   -2.43338   -1.52936   -1.67273    5.16127
-0.0589266  -0.670092   -2.43199   -1.51735   -1.67209    5.15523
-0.0584907  -0.681987   -2.43055   -1.50535   -1.67123    5.15069
-0.0579408  -0.693807   -2.42905   -1.49337   -1.67018    5.14758
-0.0572935  -0.705555   -2.42748   -1.48144   -1.66893    5.14582
-0.0565561   -0.71723   -2.42585   -1.46959    -1.6675    5.14531
-0.0557404  -0.728836   -2.42414   -1.45783   -1.66589      5.146
-0.0548548  -0.740371   -2.42236    -1.4462   -1.66412    5.14781
 -0.053905  -0.751833    -2.4205    -1.4347   -1.66218    5.15068
-0.0529016  -0.763223   -2.41856   -1.42336   -1.66009    5.15455
-0.0518498  -0.774536   -2.41654    -1.4122   -1.65785    5.15935
-0.0507523  -0.785772   -2.41444   -1.40123   -1.65547    5.16503
-0.0496197  -0.796927   -2.41226   -1.39048   -1.65295    5.17155
-0.0484548     -0.808   -2.40999   -1.37995    -1.6503    5.17885
-0.0472604  -0.818987   -2.40763   -1.36966   -1.64753    5.18689
-0.0460448  -0.829887   -2.40519   -1.35963   -1.64465    5.19562
-0.0448092  -0.840696   -2.40266   -1.34986   -1.64165    5.20501
-0.0435589  -0.851413   -2.40005   -1.34037   -1.63855    5.21503
-0.0422977  -0.862034   -2.39735   -1.33117   -1.63536    5.22563
-0.0410292  -0.872557   -2.39457   -1.32226   -1.63207    5.23678
-0.0397569  -0.882983   -2.39171   -1.31366    -1.6287    5.24846
-0.0384834  -0.893307   -2.38876   -1.30536   -1.62525    5.26064
-0.0372132  -0.903529   -2.38573   -1.29738   -1.62173    5.27328
-0.0359476  -0.913647   -2.38262   -1.28972   -1.61814    5.28638
 -0.034691  -0.923661   -2.37942   -1.28239    -1.6145    5.29989
-0.0334452  -0.933569   -2.37615   -1.27539    -1.6108     5.3138
-0.0322128   -0.94337    -2.3728   -1.26871   -1.60706     5.3281
-0.0309968  -0.953065   -2.36938   -1.26237   -1.60329    5.34276
-0.0297993  -0.962651   -2.36588   -1.25637   -1.59948    5.35777
-0.0286223  -0.972132    -2.3623    -1.2507   -1.59565     5.3731
 -0.027468  -0.981505   -2.35865   -1.24537   -1.59181    5.38875
-0.0263388  -0.990773   -2.35493   -1.24038   -1.58795     5.4047
-0.0252367  -0.999933   -2.35114   -1.23572   -1.58409    5.42094
-0.0241632   -1.00899   -2.34728   -1.23139   -1.58024    5.43746
-0.0231194   -1.01794   -2.34336    -1.2274   -1.57639    5.45424
-0.0221085   -1.02679   -2.33936   -1.22373   -1.57256    5.47127
-0.0211312   -1.03553    -2.3353   -1.22039   -1.56876    5.48855
-0.0201886   -1.04418   -2.33118   -1.21738   -1.56498    5.50606
-0.0192829   -1.05273   -2.32699   -1.21469   -1.56125    5.52379
 -0.018415   -1.06118   -2.32274   -1.21231   -1.55756    5.54175
-0.0175855   -1.06953   -2.31843   -1.21024   -1.55391    5.55991
-0.0167976   -1.07779   -2.31405   -1.20849   -1.55033    5.57828
-0.0160502   -1.08597   -2.30962   -1.20703   -1.54681    5.59684
-0.0153452   -1.09405   -2.30513   -1.20588   -1.54336    5.61559
-0.0146839   -1.10204   -2.30058   -1.20502   -1.53999    5.63452
-0.0140665   -1.10995   -2.29598   -1.20444    -1.5367    5.65363
-0.0134942   -1.11778   -2.29132   -1.20414    -1.5335    5.67291
 -0.012968   -1.12554    -2.2866   -1.20412   -1.53039    5.69236
-0.0124876   -1.13321   -2.28183   -1.20436   -1.52739    5.71197
-0.0120542   -1.14081     -2.277   -1.20487   -1.52449    5.73173
-0.0116688   -1.14834   -2.27212   -1.20563   -1.52171    5.75165
-0.0113312   -1.15581   -2.26718   -1.20664   -1.51904    5.77171
-0.0110422   -1.16321    -2.2622   -1.20788   -1.51651    5.79191
-0.0108025   -1.17054   -2.25716   -1.20936    -1.5141    5.81226
-0.0106121   -1.17782   -2.25207   -1.21106   -1.51183    5.83273
-0.0104705   -1.18504   -2.24692   -1.21297   -1.50969    5.85334
-0.0103791   -1.19222   -2.24173   -1.21509   -1.50771    5.87407
-0.0103375   -1.19934   -2.23648    -1.2174   -1.50588    5.89492
 -0.010346   -1.20641   -2.23119   -1.21991    -1.5042    5.91589
-0.0104048   -1.21344   -2.22584   -1.22259   -1.50269    5.93698
-0.0105136   -1.22043   -2.22044   -1.22545   -1.50134    5.95817
-0.0106728   -1.22738     -2.215   -1.22846   -1.50017    5.97948
-0.0108821   -1.23431    -2.2095   -1.23163   -1.49917    6.00088
 -0.011141   -1.24119   -2.20395   -1.23493   -1.49835    6.02238
  -0.01145   -1.24806   -2.19836   -1.23837   -1.49772    6.04397
-0.0118088   -1.25489   -2.19271   -1.24193   -1.49728    6.06566
-0.0122167   -1.26171   -2.18702   -1.24559   -1.49702    6.08743
-0.0126738   -1.26851   -2.18128   -1.24935   -1.49697    6.10929
  -0.01318   -1.27529   -2.17549   -1.25321   -1.49711    6.13122
-0.0137344   -1.28206   -2.16965   -1.25714   -1.49746    6.15323
-0.0143371   -1.28882   -2.16377   -1.26113   -1.49801    6.17531
-0.0149871   -1.29558   -2.15784   -1.26518   -1.49877    6.19746
-0.0156842   -1.30233   -2.15186   -1.26927   -1.49974    6.21967
-0.0164281   -1.30908   -2.14583   -1.27339   -1.50093    6.24195
-0.0172182   -1.31584   -2.13975   -1.27753   -1.50234    6.26427
-0.0180533    -1.3226   -2.13363   -1.28167   -1.50396    6.28666
-0.0189338   -1.32937   -2.12746   -1.28581    -1.5058    6.30909
-0.0198583   -1.33614   -2.12125   -1.28993   -1.50787    6.33157
 -0.020826   -1.34294   -2.11498   -1.29402   -1.51016    6.35409
-0.0218366   -1.34975   -2.10867   -1.29807   -1.51268    6.37665
-0.0228895   -1.35658   -2.10232   -1.30206   -1.51542    6.39925
-0.0239834   -1.36343   -2.09592   -1.30598    -1.5184    6.42187
-0.0251178   -1.37031   -2.08947   -1.30981   -1.52159    6.44453
-0.0262918   -1.37722   -2.08298   -1.31355   -1.52502    6.46722
-0.0275043   -1.38415   -2.07644   -1.31718   -1.52868    6.48993
-0.0287547   -1.39112   -2.06985   -1.32069   -1.53256    6.51267
-0.0300415   -1.39813   -2.06322   -1.32405   -1.53668    6.53542
-0.0313649   -1.40517   -2.05654   -1.32727   -1.54102    6.55819
-0.0327228   -1.41225   -2.04981   -1.33032   -1.54559    6.58098
-0.0341146   -1.41938   -2.04304   -1.33319   -1.55039    6.60378
-0.0355396   -1.42656   -2.03622   -1.33586   -1.55541    6.62659
-0.0369964   -1.43378   -2.02935   -1.33832   -1.56066    6.64942
-0.0384839   -1.44106   -2.02244   -1.34056   -1.56613    6.67225

