
Posizione end effector raggiunta:  4.19976 -1.49999  7.14998

MATRICE di q
 -0.038473   -1.44104   -2.02244   -1.34056   -1.56613    6.27998
-0.0386176   -1.43933   -2.01871   -1.34672   -1.56675     6.2941
-0.0387474   -1.43769   -2.01503   -1.35269   -1.56731    6.30648
-0.0388624   -1.43612   -2.01137   -1.35847   -1.56781    6.31721
-0.0389632   -1.43462   -2.00773   -1.36408   -1.56824    6.32639
-0.0390498   -1.43317   -2.00412   -1.36954   -1.56861    6.33413
-0.0391235   -1.43177   -2.00053   -1.37486   -1.56893    6.34051
-0.0391844   -1.43043   -1.99695   -1.38005   -1.56919    6.34561
 -0.039233   -1.42912   -1.99338   -1.38512    -1.5694    6.34951
-0.0392699   -1.42787   -1.98983   -1.39008   -1.56957    6.35227
-0.0392956   -1.42665   -1.98628   -1.39495   -1.56968    6.35398
-0.0393112   -1.42547   -1.98274   -1.39972   -1.56975    6.35469
-0.0393168   -1.42433    -1.9792    -1.4044   -1.56978    6.35446
 -0.039313   -1.42323   -1.97567   -1.40901   -1.56976    6.35335
-0.0393008   -1.42215   -1.97214   -1.41354   -1.56971    6.35142
-0.0392803   -1.42111    -1.9686   -1.41799   -1.56963    6.34871
-0.0392521   -1.42011   -1.96507   -1.42238   -1.56951    6.34527
-0.0392172   -1.41913   -1.96154   -1.42671   -1.56937    6.34114
-0.0391751   -1.41818     -1.958   -1.43098   -1.56919    6.33637
-0.0391274   -1.41726   -1.95446   -1.43519   -1.56899    6.33099
 -0.039074   -1.41636   -1.95091   -1.43934   -1.56876    6.32504
 -0.039015    -1.4155   -1.94736   -1.44344   -1.56852    6.31856
-0.0389513   -1.41466    -1.9438    -1.4475   -1.56825    6.31157
-0.0388838   -1.41385   -1.94024    -1.4515   -1.56796    6.30412
-0.0388115   -1.41306   -1.93667   -1.45547   -1.56766    6.29621
-0.0387357    -1.4123    -1.9331   -1.45938   -1.56734    6.28789
-0.0386568   -1.41156   -1.92952   -1.46326     -1.567    6.27918
-0.0385747   -1.41084   -1.92593   -1.46709   -1.56665    6.27009
  -0.03849   -1.41015   -1.92233   -1.47088    -1.5663    6.26066
 -0.038403   -1.40949   -1.91872   -1.47464   -1.56593     6.2509
 -0.038314   -1.40884    -1.9151   -1.47836   -1.56555    6.24084
-0.0382228   -1.40822   -1.91148   -1.48205   -1.56516    6.23048
-0.0381302   -1.40763   -1.90785    -1.4857   -1.56477    6.21986
-0.0380364   -1.40705   -1.90421   -1.48932   -1.56437    6.20897
-0.0379419    -1.4065   -1.90055   -1.49291   -1.56397    6.19785
-0.0378459   -1.40597   -1.89689   -1.49646   -1.56357     6.1865
-0.0377496   -1.40546   -1.89322   -1.49999   -1.56316    6.17494
-0.0376525   -1.40497   -1.88954   -1.50349   -1.56275    6.16318
-0.0375554    -1.4045   -1.88585   -1.50696   -1.56233    6.15123
-0.0374584   -1.40406   -1.88215   -1.51041   -1.56192    6.13911
-0.0373618   -1.40363   -1.87844   -1.51383   -1.56151    6.12682
-0.0372652   -1.40323   -1.87472   -1.51722   -1.56111    6.11437
 -0.037169   -1.40284   -1.87099   -1.52059    -1.5607    6.10177
-0.0370734   -1.40248   -1.86725   -1.52394   -1.56029    6.08904
 -0.036979   -1.40214    -1.8635   -1.52727   -1.55989    6.07617
-0.0368854   -1.40181   -1.85974   -1.53057   -1.55949    6.06319
-0.0367929   -1.40151   -1.85596   -1.53385    -1.5591    6.05009
-0.0367018   -1.40122   -1.85218   -1.53712   -1.55872    6.03688
 -0.036612   -1.40095   -1.84838   -1.54036   -1.55834    6.02357
-0.0365234   -1.40071   -1.84458   -1.54359   -1.55796    6.01017
 -0.036437   -1.40048   -1.84076   -1.54679    -1.5576    5.99667
-0.0363524   -1.40027   -1.83693   -1.54998   -1.55724    5.98309
-0.0362692   -1.40008   -1.83309   -1.55316   -1.55689    5.96944
-0.0361884    -1.3999   -1.82924   -1.55632   -1.55654    5.95571
-0.0361098   -1.39975   -1.82538   -1.55946   -1.55621    5.94191
-0.0360328   -1.39961   -1.82151   -1.56259   -1.55588    5.92804
-0.0359585    -1.3995   -1.81762    -1.5657   -1.55557    5.91411
-0.0358865   -1.39939   -1.81373    -1.5688   -1.55527    5.90012
 -0.035817   -1.39931   -1.80982   -1.57189   -1.55497    5.88608
-0.0357501   -1.39925    -1.8059   -1.57497   -1.55469    5.87199
-0.0356856    -1.3992   -1.80197   -1.57803   -1.55442    5.85786
-0.0356242   -1.39917   -1.79802   -1.58109   -1.55416    5.84367
 -0.035565   -1.39916   -1.79407   -1.58413   -1.55391    5.82945
-0.0355091   -1.39916    -1.7901   -1.58716   -1.55367    5.81519
-0.0354565   -1.39918   -1.78612   -1.59018   -1.55345    5.80089
-0.0354062   -1.39922   -1.78213   -1.59319   -1.55324    5.78655
-0.0353592   -1.39928   -1.77812    -1.5962   -1.55304    5.77219
-0.0353151   -1.39935   -1.77411   -1.59919   -1.55286    5.75779
-0.0352746   -1.39944   -1.77008   -1.60218   -1.55269    5.74337
-0.0352368   -1.39955   -1.76604   -1.60516   -1.55253    5.72892
 -0.035202   -1.39967   -1.76199   -1.60813   -1.55238    5.71444
 -0.035171   -1.39981   -1.75792   -1.61109   -1.55225    5.69995
-0.0351428   -1.39996   -1.75384   -1.61405   -1.55214    5.68543
-0.0351179   -1.40013   -1.74975     -1.617   -1.55203    5.67089
-0.0350965   -1.40032   -1.74565   -1.61995   -1.55195    5.65633
-0.0350783   -1.40053   -1.74153   -1.62289   -1.55187    5.64176
-0.0350637   -1.40074    -1.7374   -1.62583   -1.55181    5.62717
-0.0350527   -1.40098   -1.73326   -1.62876   -1.55177    5.61257
-0.0350447   -1.40123   -1.72911   -1.63169   -1.55174    5.59795
-0.0350399    -1.4015   -1.72494   -1.63462   -1.55172    5.58332
-0.0350388   -1.40178   -1.72076   -1.63754   -1.55172    5.56868
-0.0350414   -1.40208   -1.71656   -1.64046   -1.55173    5.55403
 -0.035047   -1.40239   -1.71236   -1.64337   -1.55176    5.53936
-0.0350564   -1.40272   -1.70814   -1.64629    -1.5518    5.52469
-0.0350694   -1.40307    -1.7039    -1.6492   -1.55186    5.51001
-0.0350854   -1.40343   -1.69965   -1.65211   -1.55193    5.49533
 -0.035105    -1.4038   -1.69539   -1.65502   -1.55202    5.48063
-0.0351282   -1.40419   -1.69112   -1.65793   -1.55212    5.46593
-0.0351545    -1.4046   -1.68683   -1.66084   -1.55223    5.45123
-0.0351848   -1.40502   -1.68253   -1.66375   -1.55237    5.43652
-0.0352182   -1.40545   -1.67821   -1.66667   -1.55251     5.4218
-0.0352546    -1.4059   -1.67388   -1.66958   -1.55267    5.40708
 -0.035295   -1.40637   -1.66954   -1.67249   -1.55284    5.39236
 -0.035339   -1.40685   -1.66518   -1.67541   -1.55303    5.37763
-0.0353858   -1.40734    -1.6608   -1.67832   -1.55324     5.3629
-0.0354362   -1.40785   -1.65642   -1.68124   -1.55346    5.34817
-0.0354905   -1.40838   -1.65202   -1.68417   -1.55369    5.33344
-0.0355477   -1.40891    -1.6476   -1.68709   -1.55394     5.3187
-0.0356082   -1.40947   -1.64317   -1.69002    -1.5542    5.30396
-0.0356721   -1.41003   -1.63872   -1.69296   -1.55447    5.28923

