
Posizione end effector raggiunta:  3.49976 -2.99991  7.19995

MATRICE di q
-0.420748  -1.50456   -1.9869  -1.24163  -1.59657   4.85343
-0.420819  -1.50299  -1.98324   -1.2466  -1.59687   4.88043
-0.420867  -1.50141  -1.97963  -1.25165  -1.59707   4.90407
-0.420894  -1.49984  -1.97605  -1.25678  -1.59717   4.92456
-0.420903  -1.49827  -1.97249  -1.26198  -1.59719   4.94209
-0.420894  -1.49671  -1.96896  -1.26725  -1.59714   4.95686
-0.420871  -1.49515  -1.96544  -1.27258  -1.59702   4.96903
-0.420834   -1.4936  -1.96194  -1.27795  -1.59684   4.97875
-0.420783  -1.49207  -1.95845  -1.28337   -1.5966    4.9862
 -0.42072  -1.49054  -1.95496  -1.28882  -1.59631    4.9915
-0.420646  -1.48903  -1.95148   -1.2943  -1.59596   4.99479
 -0.42056  -1.48754  -1.94801  -1.29979  -1.59556    4.9962
-0.420463  -1.48606  -1.94453  -1.30531  -1.59512   4.99583
-0.420357  -1.48459  -1.94105  -1.31082  -1.59463   4.99381
 -0.42024  -1.48315  -1.93757  -1.31634   -1.5941   4.99023
-0.420113  -1.48173  -1.93408  -1.32185  -1.59352   4.98519
-0.419978  -1.48033  -1.93059  -1.32734  -1.59291   4.97877
-0.419833  -1.47895  -1.92709  -1.33282  -1.59225   4.97106
-0.419679   -1.4776  -1.92359  -1.33828  -1.59155   4.96215
-0.419516  -1.47627  -1.92008  -1.34371  -1.59081   4.95209
-0.419345  -1.47497  -1.91656   -1.3491  -1.59004   4.94096
-0.419167   -1.4737  -1.91303  -1.35446  -1.58923   4.92882
 -0.41898  -1.47245  -1.90949  -1.35978  -1.58839   4.91574
-0.418785  -1.47123  -1.90594  -1.36505  -1.58751   4.90176
-0.418584  -1.47004  -1.90238  -1.37027  -1.58661   4.88695
-0.418376  -1.46888  -1.89881  -1.37544  -1.58567   4.87135
-0.418162  -1.46775  -1.89523  -1.38056   -1.5847     4.855
-0.417942  -1.46665  -1.89164  -1.38562  -1.58371   4.83795
-0.417716  -1.46558  -1.88803  -1.39061   -1.5827   4.82025
-0.417485  -1.46455  -1.88442  -1.39555  -1.58166   4.80192
-0.417249  -1.46354  -1.88079  -1.40042   -1.5806     4.783
 -0.41701  -1.46257  -1.87716  -1.40522  -1.57952   4.76354
-0.416767  -1.46163  -1.87351  -1.40995  -1.57843   4.74355
 -0.41652  -1.46073  -1.86985  -1.41461  -1.57732   4.72308
-0.416271  -1.45985  -1.86617   -1.4192   -1.5762   4.70214
 -0.41602  -1.45901  -1.86249  -1.42372  -1.57508   4.68077
-0.415768  -1.45821  -1.85879  -1.42816  -1.57394   4.65898
-0.415514  -1.45744  -1.85508  -1.43253  -1.57281   4.63681
 -0.41526   -1.4567  -1.85136  -1.43682  -1.57166   4.61428
-0.415006    -1.456  -1.84763  -1.44103  -1.57053    4.5914
-0.414753  -1.45533  -1.84388  -1.44517  -1.56939   4.56819
-0.414501  -1.45469  -1.84013  -1.44923  -1.56826   4.54468
-0.414251  -1.45409  -1.83636  -1.45322  -1.56714   4.52088
-0.414003  -1.45352  -1.83258  -1.45712  -1.56603   4.49681
-0.413759  -1.45299  -1.82878  -1.46095  -1.56493   4.47248
-0.413518  -1.45249  -1.82497  -1.46471  -1.56385   4.44791
-0.413281  -1.45202  -1.82116  -1.46839  -1.56278   4.42311
-0.413049  -1.45158  -1.81732  -1.47199  -1.56174   4.39809
-0.412822  -1.45118  -1.81348  -1.47552  -1.56072   4.37288
-0.412601  -1.45081  -1.80962  -1.47898  -1.55973   4.34747
-0.412386  -1.45048  -1.80575  -1.48237  -1.55876   4.32189
-0.412179  -1.45017  -1.80187  -1.48569  -1.55783   4.29613
-0.411979   -1.4499  -1.79797  -1.48893  -1.55693   4.27022
-0.411787  -1.44966  -1.79406  -1.49212  -1.55606   4.24415
-0.411604  -1.44945  -1.79014  -1.49523  -1.55524   4.21795
-0.411429  -1.44928   -1.7862  -1.49829  -1.55445   4.19161
-0.411264  -1.44913  -1.78225  -1.50128  -1.55371   4.16515
 -0.41111  -1.44901  -1.77829  -1.50421  -1.55301   4.13858
-0.410966  -1.44893  -1.77431  -1.50708  -1.55235   4.11189
-0.410832  -1.44887  -1.77032  -1.50991  -1.55175    4.0851
-0.410711  -1.44884  -1.76631  -1.51267   -1.5512   4.05822
-0.410601  -1.44884  -1.76229  -1.51539   -1.5507   4.03125
-0.410504  -1.44887  -1.75825  -1.51806  -1.55025   4.00419
-0.410419  -1.44892   -1.7542  -1.52068  -1.54986   3.97706
-0.410349  -1.44901  -1.75014  -1.52326  -1.54953   3.94985
-0.410291  -1.44912  -1.74606   -1.5258  -1.54926   3.92258
-0.410247  -1.44925  -1.74196  -1.52831  -1.54906   3.89525
-0.410219  -1.44942  -1.73785  -1.53078  -1.54891   3.86785
-0.410205   -1.4496  -1.73372  -1.53322  -1.54884    3.8404
-0.410206  -1.44982  -1.72958  -1.53563  -1.54883   3.81291
-0.410222  -1.45005  -1.72542  -1.53802  -1.54888   3.78537
-0.410255  -1.45031  -1.72124  -1.54039  -1.54901   3.75778
-0.410303  -1.45059  -1.71705  -1.54274  -1.54921   3.73016
-0.410368   -1.4509  -1.71284  -1.54507  -1.54948    3.7025
-0.410451  -1.45122  -1.70861   -1.5474  -1.54983   3.67482
-0.410549  -1.45157  -1.70436  -1.54971  -1.55025    3.6471
-0.410666  -1.45194   -1.7001  -1.55202  -1.55076   3.61936
  -0.4108  -1.45233  -1.69582  -1.55434  -1.55133   3.59159
-0.410952  -1.45273  -1.69152  -1.55665  -1.55199   3.56381
-0.411122  -1.45316   -1.6872  -1.55897  -1.55273   3.53601
 -0.41131   -1.4536  -1.68286   -1.5613  -1.55355    3.5082
-0.411518  -1.45407  -1.67851  -1.56365  -1.55445   3.48037
-0.411745  -1.45455  -1.67413  -1.56601  -1.55544   3.45253
 -0.41199  -1.45504  -1.66974   -1.5684  -1.55651   3.42469
-0.412256  -1.45555  -1.66532  -1.57081  -1.55767   3.39684
 -0.41254  -1.45608  -1.66088  -1.57325  -1.55891   3.36898
-0.412846  -1.45662  -1.65643  -1.57572  -1.56025   3.34113
-0.413171  -1.45717  -1.65195  -1.57823  -1.56168   3.31327
-0.413517  -1.45774  -1.64745  -1.58078  -1.56319   3.28541
-0.413884  -1.45832  -1.64293  -1.58338   -1.5648   3.25756
-0.414273  -1.45892  -1.63838  -1.58603  -1.56651   3.22971
-0.414683  -1.45952  -1.63381  -1.58873  -1.56831   3.20187
-0.415114  -1.46014  -1.62922  -1.59148  -1.57021   3.17404
-0.415568  -1.46077  -1.62461   -1.5943   -1.5722   3.14622
-0.416045   -1.4614  -1.61997  -1.59718   -1.5743    3.1184
-0.416544  -1.46205  -1.61531  -1.60013  -1.57649    3.0906
-0.417067  -1.46271  -1.61062  -1.60316   -1.5788   3.06282
-0.417615  -1.46337   -1.6059  -1.60626  -1.58121   3.03504
-0.416466  -1.46306  -1.60156  -1.61203  -1.57611   3.11944
-0.417017  -1.46378  -1.59682  -1.61501  -1.57854   3.08572

