
Posizione end effector raggiunta:  1.14973 -1.30055  5.49967

MATRICE di q
 -0.320092  -0.780253   -2.56081   -1.63051    -1.5705     3.4911
 -0.315236  -0.774131   -2.55938   -1.63791   -1.56573    3.45751
 -0.310889  -0.768608   -2.55803   -1.64407   -1.56202    3.42786
  -0.30705  -0.763625   -2.55671    -1.6492   -1.55937    3.40194
 -0.303713   -0.75913   -2.55543   -1.65345   -1.55774    3.37954
 -0.300866  -0.755071   -2.55415   -1.65701   -1.55711    3.36046
 -0.298491  -0.751404   -2.55287   -1.65999   -1.55741    3.34452
 -0.296569  -0.748087   -2.55158   -1.66253   -1.55862    3.33154
 -0.295076  -0.745081   -2.55025   -1.66471   -1.56067    3.32135
 -0.293988   -0.74235   -2.54889   -1.66664   -1.56351    3.31377
 -0.293278  -0.739861   -2.54749   -1.66838   -1.56708    3.30866
 -0.292919  -0.737585   -2.54603   -1.67001   -1.57132    3.30587
 -0.292883  -0.735493   -2.54453   -1.67156   -1.57617    3.30526
 -0.293142  -0.733564   -2.54297   -1.67309   -1.58158    3.30669
 -0.293666   -0.73177   -2.54135   -1.67462   -1.58749    3.31004
  -0.29443  -0.730095   -2.53968   -1.67619   -1.59384    3.31519
 -0.295402  -0.728517   -2.53795   -1.67781   -1.60057    3.32202
 -0.296557  -0.727021   -2.53617   -1.67949   -1.60764    3.33043
 -0.297865  -0.725592   -2.53434   -1.68125   -1.61498    3.34031
 -0.299302  -0.724216   -2.53246   -1.68308   -1.62256    3.35157
 -0.300841  -0.722882   -2.53053   -1.68499    -1.6303    3.36411
 -0.302457   -0.72158   -2.52857   -1.68696   -1.63819    3.37785
 -0.304128  -0.720301   -2.52658   -1.68899   -1.64616     3.3927
 -0.305829  -0.719037   -2.52455   -1.69107   -1.65417     3.4086
 -0.307539  -0.717783    -2.5225   -1.69318   -1.66219    3.42546
  -0.30924  -0.716533   -2.52044    -1.6953   -1.67017    3.44321
  -0.31091  -0.715284   -2.51837   -1.69743   -1.67809     3.4618
 -0.312534  -0.714032   -2.51629   -1.69953    -1.6859    3.48116
 -0.314093  -0.712772   -2.51422    -1.7016   -1.69358    3.50124
 -0.315575  -0.711506   -2.51216    -1.7036   -1.70111    3.52197
 -0.316965  -0.710232   -2.51011   -1.70552   -1.70846    3.54331
 -0.318252  -0.708949   -2.50809   -1.70734    -1.7156    3.56521
 -0.319425  -0.707655   -2.50609   -1.70905   -1.72252    3.58763
 -0.320473  -0.706352   -2.50413   -1.71061    -1.7292    3.61053
  -0.32139  -0.705041    -2.5022   -1.71202   -1.73562    3.63385
 -0.322172  -0.703722   -2.50032   -1.71325   -1.74179    3.65759
 -0.322808  -0.702396   -2.49848    -1.7143   -1.74768    3.68168
 -0.323295  -0.701063   -2.49669   -1.71515   -1.75329    3.70611
 -0.323631  -0.699725   -2.49496   -1.71579   -1.75862    3.73084
 -0.323812  -0.698383   -2.49328   -1.71621   -1.76366    3.75584
 -0.323837  -0.697036   -2.49166    -1.7164    -1.7684    3.78109
 -0.323704  -0.695689   -2.49011   -1.71636   -1.77286    3.80657
 -0.323412  -0.694338   -2.48861   -1.71608   -1.77703    3.83226
 -0.322961  -0.692986   -2.48717   -1.71556   -1.78091    3.85812
 -0.322352  -0.691633   -2.48579    -1.7148    -1.7845    3.88414
 -0.321585   -0.69028   -2.48448   -1.71381   -1.78781     3.9103
  -0.32066  -0.688927   -2.48322   -1.71257   -1.79084    3.93659
 -0.319581  -0.687574   -2.48202   -1.71112    -1.7936    3.96299
 -0.318346  -0.686218   -2.48088   -1.70944    -1.7961    3.98948
 -0.316958  -0.684862    -2.4798   -1.70755   -1.79833    4.01605
 -0.315417  -0.683503   -2.47877   -1.70545    -1.8003    4.04268
 -0.313726  -0.682142   -2.47779   -1.70316   -1.80201    4.06937
 -0.311884  -0.680776   -2.47686   -1.70069   -1.80348    4.09609
 -0.309894  -0.679404   -2.47597   -1.69804   -1.80471    4.12284
 -0.307756  -0.678025   -2.47513   -1.69524    -1.8057    4.14961
 -0.305471  -0.676638   -2.47433    -1.6923   -1.80646    4.17638
  -0.30304   -0.67524   -2.47356   -1.68923   -1.80699    4.20315
 -0.300465  -0.673829   -2.47283   -1.68604    -1.8073     4.2299
 -0.297743  -0.672404   -2.47213   -1.68276   -1.80738    4.25663
 -0.294877   -0.67096   -2.47146   -1.67939   -1.80726    4.28333
 -0.291868  -0.669498   -2.47081   -1.67595   -1.80692    4.30998
 -0.288714  -0.668014   -2.47019   -1.67245   -1.80638    4.33659
 -0.285417  -0.666505   -2.46958   -1.66892   -1.80564    4.36313
 -0.281974  -0.664969   -2.46899   -1.66536   -1.80469    4.38961
 -0.278387  -0.663403   -2.46842   -1.66179   -1.80356    4.41602
 -0.274656  -0.661804   -2.46786   -1.65822   -1.80223    4.44235
 -0.270778   -0.66017    -2.4673   -1.65467   -1.80071    4.46858
 -0.266757  -0.658499   -2.46676   -1.65115   -1.79901    4.49473
 -0.262588  -0.656785   -2.46621   -1.64768   -1.79713    4.52077
 -0.258272  -0.655029   -2.46567   -1.64426   -1.79507    4.54671
 -0.253809  -0.653227   -2.46513   -1.64091   -1.79284    4.57253
 -0.249197  -0.651375   -2.46458   -1.63765   -1.79044    4.59824
  -0.24444  -0.649473   -2.46403   -1.63447   -1.78788    4.62382
 -0.239529  -0.647516   -2.46348    -1.6314   -1.78515    4.64927
  -0.23447  -0.645502   -2.46291   -1.62845   -1.78226    4.67459
  -0.22926  -0.643431   -2.46234   -1.62561   -1.77922    4.69978
 -0.223896  -0.641296   -2.46175   -1.62291   -1.77602    4.72481
 -0.218381  -0.639099   -2.46115   -1.62035   -1.77268    4.74971
 -0.212712  -0.636835   -2.46054   -1.61794   -1.76919    4.77445
 -0.206889  -0.634504    -2.4599   -1.61569   -1.76557    4.79903
 -0.200908  -0.632103   -2.45925    -1.6136   -1.76181    4.82346
 -0.194772  -0.629629   -2.45858   -1.61168   -1.75792    4.84772
 -0.188478  -0.627082   -2.45789   -1.60994    -1.7539    4.87182
 -0.182026  -0.624459   -2.45718   -1.60839   -1.74976    4.89576
 -0.175413  -0.621759   -2.45644   -1.60702    -1.7455    4.91952
 -0.168639  -0.618981   -2.45568   -1.60585   -1.74112    4.94311
 -0.161703  -0.616122    -2.4549   -1.60488   -1.73664    4.96652
 -0.154602   -0.61318   -2.45408   -1.60411   -1.73204    4.98975
 -0.147337  -0.610158   -2.45324   -1.60355   -1.72735     5.0128
 -0.139905   -0.60705   -2.45238    -1.6032   -1.72256    5.03567
 -0.132306  -0.603857   -2.45148   -1.60306   -1.71767    5.05835
 -0.124535  -0.600578   -2.45055   -1.60314    -1.7127    5.08085
 -0.116594  -0.597212   -2.44959   -1.60344   -1.70764    5.10316
 -0.108479  -0.593759    -2.4486   -1.60396    -1.7025    5.12527
 -0.100188  -0.590216   -2.44757    -1.6047   -1.69728    5.14719
-0.0917196  -0.586584   -2.44651   -1.60566   -1.69199    5.16891
 -0.083071  -0.582862   -2.44542   -1.60685   -1.68664    5.19043
-0.0742398   -0.57905   -2.44429   -1.60826   -1.68122    5.21176
-0.0652226  -0.575146   -2.44313    -1.6099   -1.67575    5.23287
-0.0560176  -0.571151   -2.44192   -1.61177   -1.67022    5.25379

